Linux 4.15.0-33-generic (themistocles) 	05/10/2019 	_x86_64_	(32 CPU)

11:10:54 PM     CPU     %user     %nice   %system   %iowait    %steal     %idle
11:10:55 PM       0      0.00      0.00      1.00      0.00      0.00     99.00
11:10:55 PM       1      0.00      0.00      0.00      0.00      0.00    100.00
11:10:55 PM       2      0.00      0.00      0.00      0.00      0.00    100.00
11:10:55 PM       3      0.00      0.00      0.00      0.00      0.00    100.00
11:10:55 PM       4      0.00      0.00      0.00      0.00      0.00    100.00
11:10:55 PM       5      0.00      0.00      0.00      0.00      0.00    100.00
11:10:55 PM       6      0.00      0.00      0.00      0.00      0.00    100.00
11:10:55 PM       7      0.00      0.00      0.00      0.00      0.00    100.00
11:10:55 PM       8      3.03      0.00      0.00      0.00      0.00     96.97
11:10:55 PM       9     89.00      0.00      7.00      0.00      0.00      4.00
11:10:55 PM      10     90.00      0.00      5.00      0.00      0.00      5.00
11:10:55 PM      11     91.92      0.00      4.04      0.00      0.00      4.04
11:10:55 PM      12     91.92      0.00      4.04      0.00      0.00      4.04
11:10:55 PM      13     89.11      0.00      6.93      0.00      0.00      3.96
11:10:55 PM      14     89.90      0.00      7.07      0.00      0.00      3.03
11:10:55 PM      15      0.00      0.00      0.00      0.00      0.00    100.00

11:10:55 PM     CPU     %user     %nice   %system   %iowait    %steal     %idle
11:10:56 PM       0      8.42      0.00      4.21      0.00      0.00     87.37
11:10:56 PM       1     14.00      0.00      6.00      0.00      0.00     80.00
11:10:56 PM       2      9.00      0.00      6.00      0.00      0.00     85.00
11:10:56 PM       3     13.33      0.00      5.71      0.00      0.00     80.95
11:10:56 PM       4     12.50      0.00      8.33      0.00      0.00     79.17
11:10:56 PM       5      9.09      0.00      3.03      0.00      0.00     87.88
11:10:56 PM       6      1.03      0.00      0.00      0.00      0.00     98.97
11:10:56 PM       7      0.00      0.00      0.00      0.00      0.00    100.00
11:10:56 PM       8      0.00      0.00      0.00      0.00      0.00    100.00
11:10:56 PM       9     91.00      0.00      6.00      0.00      0.00      3.00
11:10:56 PM      10     94.00      0.00      4.00      0.00      0.00      2.00
11:10:56 PM      11     94.00      0.00      3.00      0.00      0.00      3.00
11:10:56 PM      12     90.00      0.00      8.00      0.00      0.00      2.00
11:10:56 PM      13     88.00      0.00      9.00      0.00      0.00      3.00
11:10:56 PM      14     94.00      0.00      3.00      0.00      0.00      3.00
11:10:56 PM      15      3.00      0.00      1.00      0.00      0.00     96.00

11:10:56 PM     CPU     %user     %nice   %system   %iowait    %steal     %idle
11:10:57 PM       0     16.67      0.00     10.42      0.00      0.00     72.92
11:10:57 PM       1     17.53      0.00      7.22      0.00      0.00     75.26
11:10:57 PM       2     20.20      0.00      9.09      0.00      0.00     70.71
11:10:57 PM       3     14.13      0.00      7.61      0.00      0.00     78.26
11:10:57 PM       4     18.28      0.00     10.75      0.00      0.00     70.97
11:10:57 PM       5     75.25      0.00     24.75      0.00      0.00      0.00
11:10:57 PM       6      0.00      0.00      0.00      0.00      0.00    100.00
11:10:57 PM       7      2.04      0.00      3.06      0.00      0.00     94.90
11:10:57 PM       8      0.00      0.00      0.00      0.00      0.00    100.00
11:10:57 PM       9     95.96      0.00      4.04      0.00      0.00      0.00
11:10:57 PM      10     96.00      0.00      4.00      0.00      0.00      0.00
11:10:57 PM      11     93.00      0.00      7.00      0.00      0.00      0.00
11:10:57 PM      12     95.00      0.00      5.00      0.00      0.00      0.00
11:10:57 PM      13     95.05      0.00      4.95      0.00      0.00      0.00
11:10:57 PM      14     95.00      0.00      5.00      0.00      0.00      0.00
11:10:57 PM      15      0.00      0.00      0.00      0.00      0.00    100.00

11:10:57 PM     CPU     %user     %nice   %system   %iowait    %steal     %idle
11:10:58 PM       0     26.92      0.00     16.35      0.00      0.00     56.73
11:10:58 PM       1     21.78      0.00     16.83      0.00      0.00     61.39
11:10:58 PM       2     24.24      0.00     14.14      0.00      0.00     61.62
11:10:58 PM       3     24.00      0.00     15.00      0.00      0.00     61.00
11:10:58 PM       4     35.11      0.00     18.09      0.00      0.00     46.81
11:10:58 PM       5     73.00      0.00     27.00      0.00      0.00      0.00
11:10:58 PM       6      0.00      0.00      0.00      0.00      0.00    100.00
11:10:58 PM       7      0.00      0.00      0.00      0.00      0.00    100.00
11:10:58 PM       8      0.00      0.00      0.00      0.00      0.00    100.00
11:10:58 PM       9     94.06      0.00      5.94      0.00      0.00      0.00
11:10:58 PM      10     96.04      0.00      3.96      0.00      0.00      0.00
11:10:58 PM      11     92.00      0.00      7.00      0.00      0.00      1.00
11:10:58 PM      12     94.06      0.00      5.94      0.00      0.00      0.00
11:10:58 PM      13     95.96      0.00      4.04      0.00      0.00      0.00
11:10:58 PM      14     94.06      0.00      5.94      0.00      0.00      0.00
11:10:58 PM      15      0.00      0.00      0.00      0.00      0.00    100.00

11:10:58 PM     CPU     %user     %nice   %system   %iowait    %steal     %idle
11:10:59 PM       0     32.26      0.00     10.75      0.00      0.00     56.99
11:10:59 PM       1     32.67      0.00     13.86      0.00      0.00     53.47
11:10:59 PM       2     30.61      0.00     13.27      0.00      0.00     56.12
11:10:59 PM       3     31.00      0.00     16.00      0.00      0.00     53.00
11:10:59 PM       4     43.56      0.00     25.74      0.00      0.00     30.69
11:10:59 PM       5     77.78      0.00     22.22      0.00      0.00      0.00
11:10:59 PM       6      0.00      0.00      1.00      0.00      0.00     99.00
11:10:59 PM       7      0.00      0.00      0.00      0.00      0.00    100.00
11:10:59 PM       8      0.00      0.00      0.00      0.00      0.00    100.00
11:10:59 PM       9     93.00      0.00      6.00      0.00      0.00      1.00
11:10:59 PM      10     93.94      0.00      5.05      0.00      0.00      1.01
11:10:59 PM      11     97.98      0.00      2.02      0.00      0.00      0.00
11:10:59 PM      12     95.00      0.00      4.00      0.00      0.00      1.00
11:10:59 PM      13     96.97      0.00      3.03      0.00      0.00      0.00
11:10:59 PM      14     94.95      0.00      5.05      0.00      0.00      0.00
11:10:59 PM      15      0.00      0.00      0.00      0.00      0.00    100.00

11:10:59 PM     CPU     %user     %nice   %system   %iowait    %steal     %idle
11:11:00 PM       0     32.69      0.00     19.23      0.00      0.00     48.08
11:11:00 PM       1     29.29      0.00     19.19      0.00      0.00     51.52
11:11:00 PM       2     36.00      0.00     13.00      0.00      0.00     51.00
11:11:00 PM       3     34.00      0.00     15.00      0.00      0.00     51.00
11:11:00 PM       4     40.00      0.00     31.58      0.00      0.00     28.42
11:11:00 PM       5     74.00      0.00     26.00      0.00      0.00      0.00
11:11:00 PM       6      0.00      0.00      0.00      0.00      0.00    100.00
11:11:00 PM       7      0.00      0.00      1.00      0.00      0.00     99.00
11:11:00 PM       8      0.00      0.00      0.00      0.00      0.00    100.00
11:11:00 PM       9     83.00      0.00      3.00      0.00      0.00     14.00
11:11:00 PM      10     89.00      0.00     10.00      0.00      0.00      1.00
11:11:00 PM      11     86.87      0.00      6.06      0.00      0.00      7.07
11:11:00 PM      12     89.00      0.00      7.00      0.00      0.00      4.00
11:11:00 PM      13     83.00      0.00      7.00      0.00      0.00     10.00
11:11:00 PM      14     95.00      0.00      5.00      0.00      0.00      0.00
11:11:00 PM      15      0.00      0.00      0.99      0.00      0.00     99.01

11:11:00 PM     CPU     %user     %nice   %system   %iowait    %steal     %idle
11:11:01 PM       0     33.65      0.00     19.23      0.00      0.00     47.12
11:11:01 PM       1     34.31      0.00     17.65      0.00      0.00     48.04
11:11:01 PM       2     30.21      0.00     17.71      0.00      0.00     52.08
11:11:01 PM       3     33.33      0.00     17.65      0.00      0.00     49.02
11:11:01 PM       4     44.79      0.00     26.04      0.00      0.00     29.17
11:11:01 PM       5     80.00      0.00     20.00      0.00      0.00      0.00
11:11:01 PM       6      0.00      0.00      4.04      0.00      0.00     95.96
11:11:01 PM       7      3.96      0.00      2.97      0.00      0.00     93.07
11:11:01 PM       8      0.00      0.00      0.00      0.00      0.00    100.00
11:11:01 PM       9     75.51      0.00      7.14      0.00      0.00     17.35
11:11:01 PM      10     75.76      0.00      8.08      0.00      0.00     16.16
11:11:01 PM      11     71.43      0.00      5.10      0.00      0.00     23.47
11:11:01 PM      12     81.00      0.00      5.00      0.00      0.00     14.00
11:11:01 PM      13     66.67      0.00      7.07      0.00      0.00     26.26
11:11:01 PM      14     88.00      0.00      9.00      0.00      0.00      3.00
11:11:01 PM      15      0.00      0.00      0.00      0.00      0.00    100.00

11:11:01 PM     CPU     %user     %nice   %system   %iowait    %steal     %idle
11:11:02 PM       0     29.13      0.00     23.30      0.00      0.00     47.57
11:11:02 PM       1     32.35      0.00     19.61      0.00      0.00     48.04
11:11:02 PM       2     32.69      0.00     19.23      0.00      0.00     48.08
11:11:02 PM       3     31.25      0.00     15.62      0.00      0.00     53.12
11:11:02 PM       4     33.67      0.00     29.59      0.00      0.00     36.73
11:11:02 PM       5     78.00      0.00     22.00      0.00      0.00      0.00
11:11:02 PM       6      0.00      0.00      2.00      0.00      0.00     98.00
11:11:02 PM       7      9.80      0.00     12.75      0.00      0.00     77.45
11:11:02 PM       8      0.00      0.00      0.00      0.00      0.00    100.00
11:11:02 PM       9     58.76      0.00      1.03      0.00      0.00     40.21
11:11:02 PM      10     57.58      0.00      5.05      0.00      0.00     37.37
11:11:02 PM      11     63.64      0.00      6.06      0.00      0.00     30.30
11:11:02 PM      12     71.43      0.00      5.10      0.00      0.00     23.47
11:11:02 PM      13     49.49      0.00      7.07      0.00      0.00     43.43
11:11:02 PM      14     66.34      0.00      7.92      0.00      0.00     25.74
11:11:02 PM      15      0.00      0.00      0.00      0.00      0.00    100.00

11:11:02 PM     CPU     %user     %nice   %system   %iowait    %steal     %idle
11:11:03 PM       0     32.61      0.00     13.04      0.00      0.00     54.35
11:11:03 PM       1     39.00      0.00     20.00      0.00      0.00     41.00
11:11:03 PM       2     28.57      0.00     18.37      0.00      0.00     53.06
11:11:03 PM       3     27.96      0.00     17.20      0.00      0.00     54.84
11:11:03 PM       4     37.11      0.00     24.74      0.00      0.00     38.14
11:11:03 PM       5     72.00      0.00     28.00      0.00      0.00      0.00
11:11:03 PM       6      0.00      0.00      0.00      0.00      0.00    100.00
11:11:03 PM       7      0.00      0.00      0.00      0.00      0.00    100.00
11:11:03 PM       8      0.00      0.00      0.00      0.00      0.00    100.00
11:11:03 PM       9     59.00      0.00      7.00      0.00      0.00     34.00
11:11:03 PM      10     69.31      0.00      4.95      0.00      0.00     25.74
11:11:03 PM      11     60.19      0.00      7.77      0.00      0.00     32.04
11:11:03 PM      12     61.39      0.00      6.93      0.00      0.00     31.68
11:11:03 PM      13     62.38      0.00      5.94      0.00      0.00     31.68
11:11:03 PM      14     55.00      0.00      6.00      0.00      0.00     39.00
11:11:03 PM      15      0.00      0.00      0.00      0.00      0.00    100.00

11:11:03 PM     CPU     %user     %nice   %system   %iowait    %steal     %idle
11:11:04 PM       0     29.29      0.00     21.21      0.00      0.00     49.49
11:11:04 PM       1     43.14      0.00     17.65      0.00      0.00     39.22
11:11:04 PM       2     34.00      0.00     16.00      0.00      0.00     50.00
11:11:04 PM       3     31.25      0.00     16.67      0.00      0.00     52.08
11:11:04 PM       4     40.78      0.00     23.30      0.00      0.00     35.92
11:11:04 PM       5     71.00      0.00     29.00      0.00      0.00      0.00
11:11:04 PM       6      0.00      0.00      0.00      0.00      0.00    100.00
11:11:04 PM       7      0.00      0.00      0.00      0.00      0.00    100.00
11:11:04 PM       8      0.00      0.00      0.00      0.00      0.00    100.00
11:11:04 PM       9     56.73      0.00      9.62      0.00      0.00     33.65
11:11:04 PM      10     75.51      0.00      6.12      0.00      0.00     18.37
11:11:04 PM      11     64.29      0.00      6.12      0.00      0.00     29.59
11:11:04 PM      12     72.16      0.00      5.15      0.00      0.00     22.68
11:11:04 PM      13     48.48      0.00      4.04      0.00      0.00     47.47
11:11:04 PM      14     79.80      0.00      5.05      0.00      0.00     15.15
11:11:04 PM      15      0.00      0.00      0.00      0.00      0.00    100.00

11:11:04 PM     CPU     %user     %nice   %system   %iowait    %steal     %idle
11:11:05 PM       0     29.41      0.00     23.53      0.00      0.00     47.06
11:11:05 PM       1     33.33      0.00     19.61      0.00      0.00     47.06
11:11:05 PM       2     28.57      0.00     25.51      0.00      0.00     45.92
11:11:05 PM       3     33.65      0.00     21.15      0.00      0.00     45.19
11:11:05 PM       4     42.55      0.00     19.15      0.00      0.00     38.30
11:11:05 PM       5     77.00      0.00     23.00      0.00      0.00      0.00
11:11:05 PM       6      0.00      0.00      1.00      0.00      0.00     99.00
11:11:05 PM       7      0.00      0.00      0.00      0.00      0.00    100.00
11:11:05 PM       8      0.00      0.00      0.00      0.00      0.00    100.00
11:11:05 PM       9     64.58      0.00      3.12      0.00      0.00     32.29
11:11:05 PM      10     70.00      0.00      6.00      0.00      0.00     24.00
11:11:05 PM      11     73.74      0.00      5.05      0.00      0.00     21.21
11:11:05 PM      12     65.05      0.00     10.68      0.00      0.00     24.27
11:11:05 PM      13     63.64      0.00      8.08      0.00      0.00     28.28
11:11:05 PM      14     67.35      0.00      8.16      0.00      0.00     24.49
11:11:05 PM      15      0.00      0.00      0.00      0.00      0.00    100.00

11:11:05 PM     CPU     %user     %nice   %system   %iowait    %steal     %idle
11:11:06 PM       0     31.96      0.00     18.56      0.00      0.00     49.48
11:11:06 PM       1     37.37      0.00     13.13      0.00      0.00     49.49
11:11:06 PM       2     30.00      0.00     20.00      0.00      0.00     50.00
11:11:06 PM       3     31.96      0.00     16.49      0.00      0.00     51.55
11:11:06 PM       4     46.53      0.00     26.73      0.00      0.00     26.73
11:11:06 PM       5     76.00      0.00     24.00      0.00      0.00      0.00
11:11:06 PM       6      0.00      0.00      2.94      0.98      0.00     96.08
11:11:06 PM       7      0.00      0.00      0.00      0.00      0.00    100.00
11:11:06 PM       8      0.00      0.00      0.00      0.00      0.00    100.00
11:11:06 PM       9     46.60      0.00      6.80      0.00      0.00     46.60
11:11:06 PM      10     46.46      0.00      5.05      0.00      0.00     48.48
11:11:06 PM      11     46.60      0.00      7.77      0.00      0.00     45.63
11:11:06 PM      12     60.00      0.00      6.00      0.00      0.00     34.00
11:11:06 PM      13     41.41      0.00      6.06      0.00      0.00     52.53
11:11:06 PM      14     57.58      0.00      8.08      0.00      0.00     34.34
11:11:06 PM      15      0.00      0.00      0.00      0.00      0.00    100.00

11:11:06 PM     CPU     %user     %nice   %system   %iowait    %steal     %idle
11:11:07 PM       0     36.00      0.00     16.00      0.00      0.00     48.00
11:11:07 PM       1     36.27      0.00     16.67      0.00      0.00     47.06
11:11:07 PM       2     32.99      0.00     18.56      0.00      0.00     48.45
11:11:07 PM       3     33.33      0.00     18.18      0.00      0.00     48.48
11:11:07 PM       4     46.60      0.00     29.13      0.00      0.00     24.27
11:11:07 PM       5     77.00      0.00     23.00      0.00      0.00      0.00
11:11:07 PM       6      0.00      0.00      1.00      0.00      0.00     99.00
11:11:07 PM       7      0.00      0.00      0.00      0.00      0.00    100.00
11:11:07 PM       8      0.00      0.00      0.00      0.00      0.00    100.00
11:11:07 PM       9     48.48      0.00      6.06      0.00      0.00     45.45
11:11:07 PM      10     44.66      0.00      8.74      0.00      0.00     46.60
11:11:07 PM      11     41.84      0.00      8.16      0.00      0.00     50.00
11:11:07 PM      12     73.74      0.00      5.05      0.00      0.00     21.21
11:11:07 PM      13     44.44      0.00      5.05      0.00      0.00     50.51
11:11:07 PM      14     75.49      0.00      6.86      0.00      0.00     17.65
11:11:07 PM      15      0.99      0.00      0.00      0.00      0.00     99.01

11:11:07 PM     CPU     %user     %nice   %system   %iowait    %steal     %idle
11:11:08 PM       0     36.27      0.00     18.63      0.00      0.00     45.10
11:11:08 PM       1     34.41      0.00     20.43      0.00      0.00     45.16
11:11:08 PM       2     33.67      0.00     20.41      0.00      0.00     45.92
11:11:08 PM       3     35.64      0.00     19.80      0.00      0.00     44.55
11:11:08 PM       4     40.21      0.00     24.74      0.00      0.00     35.05
11:11:08 PM       5     73.00      0.00     27.00      0.00      0.00      0.00
11:11:08 PM       6      0.00      0.00      1.01      0.00      0.00     98.99
11:11:08 PM       7      0.00      0.00      0.00      0.00      0.00    100.00
11:11:08 PM       8      0.00      0.00      0.00      0.00      0.00    100.00
11:11:08 PM       9     71.72      0.00      5.05      0.00      0.00     23.23
11:11:08 PM      10     61.86      0.00      6.19      0.00      0.00     31.96
11:11:08 PM      11     78.79      0.00      5.05      0.00      0.00     16.16
11:11:08 PM      12     47.52      0.00      7.92      0.00      0.00     44.55
11:11:08 PM      13     62.63      0.00      7.07      0.00      0.00     30.30
11:11:08 PM      14     55.88      0.00      6.86      0.00      0.00     37.25
11:11:08 PM      15      0.00      0.00      0.00      0.00      0.00    100.00

11:11:08 PM     CPU     %user     %nice   %system   %iowait    %steal     %idle
11:11:09 PM       0     32.99      0.00     19.59      0.00      0.00     47.42
11:11:09 PM       1     42.00      0.00     16.00      0.00      0.00     42.00
11:11:09 PM       2     38.00      0.00     16.00      0.00      0.00     46.00
11:11:09 PM       3     31.00      0.00     21.00      0.00      0.00     48.00
11:11:09 PM       4     41.24      0.00     23.71      0.00      0.00     35.05
11:11:09 PM       5     78.00      0.00     22.00      0.00      0.00      0.00
11:11:09 PM       6      0.00      0.00      0.00      0.00      0.00    100.00
11:11:09 PM       7      0.00      0.00      0.00      0.00      0.00    100.00
11:11:09 PM       8      0.00      0.00      0.00      0.00      0.00    100.00
11:11:09 PM       9     57.84      0.00      5.88      0.00      0.00     36.27
11:11:09 PM      10     56.57      0.00      7.07      0.00      0.00     36.36
11:11:09 PM      11     42.42      0.00      8.08      0.00      0.00     49.49
11:11:09 PM      12     52.53      0.00      8.08      0.00      0.00     39.39
11:11:09 PM      13     42.86      0.00      8.16      0.00      0.00     48.98
11:11:09 PM      14     39.18      0.00      9.28      0.00      0.00     51.55
11:11:09 PM      15      1.00      0.00      0.00      0.00      0.00     99.00

11:11:09 PM     CPU     %user     %nice   %system   %iowait    %steal     %idle
11:11:10 PM       0     34.02      0.00     19.59      0.00      0.00     46.39
11:11:10 PM       1     45.54      0.00     14.85      0.00      0.00     39.60
11:11:10 PM       2     36.63      0.00     20.79      0.00      0.00     42.57
11:11:10 PM       3     33.66      0.00     20.79      0.00      0.00     45.54
11:11:10 PM       4     48.48      0.00     18.18      0.00      0.00     33.33
11:11:10 PM       5     72.00      0.00     28.00      0.00      0.00      0.00
11:11:10 PM       6      0.00      0.00      1.00      0.00      0.00     99.00
11:11:10 PM       7      0.00      0.00      0.00      0.00      0.00    100.00
11:11:10 PM       8      0.00      0.00      0.00      0.00      0.00    100.00
11:11:10 PM       9     60.78      0.00      5.88      0.00      0.00     33.33
11:11:10 PM      10     54.00      0.00      6.00      0.00      0.00     40.00
11:11:10 PM      11     54.08      0.00     10.20      0.00      0.00     35.71
11:11:10 PM      12     42.00      0.00      6.00      0.00      0.00     52.00
11:11:10 PM      13     62.50      0.00      5.21      0.00      0.00     32.29
11:11:10 PM      14     44.68      0.00      6.38      0.00      0.00     48.94
11:11:10 PM      15      0.00      0.00      0.00      0.00      0.00    100.00

11:11:10 PM     CPU     %user     %nice   %system   %iowait    %steal     %idle
11:11:11 PM       0     11.11      0.00      5.05      0.00      0.00     83.84
11:11:11 PM       1     15.00      0.00      3.00      0.00      0.00     82.00
11:11:11 PM       2     11.11      0.00      6.06      0.00      0.00     82.83
11:11:11 PM       3     10.10      0.00      5.05      0.00      0.00     84.85
11:11:11 PM       4     14.14      0.00      6.06      0.00      0.00     79.80
11:11:11 PM       5     82.00      0.00     18.00      0.00      0.00      0.00
11:11:11 PM       6      0.00      0.00      0.00      0.00      0.00    100.00
11:11:11 PM       7      0.00      0.00      0.00      0.00      0.00    100.00
11:11:11 PM       8      0.00      0.00      0.00      0.00      0.00    100.00
11:11:11 PM       9     13.00      0.00      3.00      0.00      0.00     84.00
11:11:11 PM      10     10.89      0.00      3.96      0.00      0.00     85.15
11:11:11 PM      11      8.91      0.00      3.96      0.00      0.00     87.13
11:11:11 PM      12      9.18      0.00      3.06      0.00      0.00     87.76
11:11:11 PM      13     15.84      0.00      3.96      0.00      0.00     80.20
11:11:11 PM      14     14.00      0.00      1.00      0.00      0.00     85.00
11:11:11 PM      15      0.00      0.00      0.00      0.00      0.00    100.00

11:11:11 PM     CPU     %user     %nice   %system   %iowait    %steal     %idle
11:11:12 PM       0      0.00      0.00      0.00      0.00      0.00    100.00
11:11:12 PM       1      0.00      0.00      0.00      0.00      0.00    100.00
11:11:12 PM       2      0.00      0.00      0.00      0.00      0.00    100.00
11:11:12 PM       3      0.00      0.00      0.00      0.00      0.00    100.00
11:11:12 PM       4      0.00      0.00      0.00      0.00      0.00    100.00
11:11:12 PM       5     81.19      0.00     18.81      0.00      0.00      0.00
11:11:12 PM       6      0.00      0.00      0.00      0.00      0.00    100.00
11:11:12 PM       7      0.00      0.00      0.00      0.00      0.00    100.00
11:11:12 PM       8      0.00      0.00      0.00      0.00      0.00    100.00
11:11:12 PM       9      0.00      0.00      0.00      0.00      0.00    100.00
11:11:12 PM      10      0.00      0.00      0.00      0.00      0.00    100.00
11:11:12 PM      11      0.00      0.00      0.00      0.00      0.00    100.00
11:11:12 PM      12      0.00      0.00      0.00      0.00      0.00    100.00
11:11:12 PM      13      0.00      0.00      0.00      0.00      0.00    100.00
11:11:12 PM      14      0.00      0.00      0.00      0.00      0.00    100.00
11:11:12 PM      15      0.00      0.00      0.00      0.00      0.00    100.00

11:11:12 PM     CPU     %user     %nice   %system   %iowait    %steal     %idle
11:11:13 PM       0     19.59      0.00     14.43      0.00      0.00     65.98
11:11:13 PM       1     25.25      0.00     11.11      0.00      0.00     63.64
11:11:13 PM       2     25.24      0.00     12.62      0.00      0.00     62.14
11:11:13 PM       3     18.00      0.00     17.00      0.00      0.00     65.00
11:11:13 PM       4     27.27      0.00     16.16      0.00      0.00     56.57
11:11:13 PM       5     74.75      0.00     25.25      0.00      0.00      0.00
11:11:13 PM       6      0.00      0.00      1.98      0.00      0.00     98.02
11:11:13 PM       7      0.00      0.00      0.00      0.00      0.00    100.00
11:11:13 PM       8      0.00      0.00      0.00      0.00      0.00    100.00
11:11:13 PM       9     23.71      0.00      1.03      0.00      0.00     75.26
11:11:13 PM      10     46.00      0.00      5.00      0.00      0.00     49.00
11:11:13 PM      11     32.04      0.00      4.85      0.00      0.00     63.11
11:11:13 PM      12     35.64      0.00      5.94      0.00      0.00     58.42
11:11:13 PM      13     18.56      0.00      4.12      0.00      0.00     77.32
11:11:13 PM      14     25.00      0.00      6.00      0.00      0.00     69.00
11:11:13 PM      15      1.00      0.00      0.00      0.00      0.00     99.00

11:11:13 PM     CPU     %user     %nice   %system   %iowait    %steal     %idle
11:11:14 PM       0     36.08      0.00     18.56      0.00      0.00     45.36
11:11:14 PM       1     33.00      0.00     19.00      0.00      0.00     48.00
11:11:14 PM       2     36.27      0.00     19.61      0.00      0.00     44.12
11:11:14 PM       3     35.35      0.00     17.17      0.00      0.00     47.47
11:11:14 PM       4     39.81      0.00     29.13      0.00      0.00     31.07
11:11:14 PM       5     76.00      0.00     24.00      0.00      0.00      0.00
11:11:14 PM       6      0.99      0.00      1.98      0.00      0.00     97.03
11:11:14 PM       7      0.00      0.00      0.00      0.00      0.00    100.00
11:11:14 PM       8      0.00      0.00      0.00      0.00      0.00    100.00
11:11:14 PM       9     39.58      0.00      4.17      0.00      0.00     56.25
11:11:14 PM      10     36.63      0.00      5.94      0.00      0.00     57.43
11:11:14 PM      11     65.26      0.00      5.26      0.00      0.00     29.47
11:11:14 PM      12     30.93      0.00      6.19      0.00      0.00     62.89
11:11:14 PM      13     38.38      0.00      4.04      0.00      0.00     57.58
11:11:14 PM      14     38.46      0.00      7.69      0.00      0.00     53.85
11:11:14 PM      15      0.00      0.00      0.00      0.00      0.00    100.00

11:11:14 PM     CPU     %user     %nice   %system   %iowait    %steal     %idle
11:11:15 PM       0     37.62      0.00     20.79      0.00      0.00     41.58
11:11:15 PM       1     38.10      0.00     20.00      0.00      0.00     41.90
11:11:15 PM       2     41.41      0.00     17.17      0.00      0.00     41.41
11:11:15 PM       3     38.61      0.00     19.80      0.00      0.00     41.58
11:11:15 PM       4     47.06      0.00     22.55      0.00      0.00     30.39
11:11:15 PM       5     78.22      0.00     21.78      0.00      0.00      0.00
11:11:15 PM       6      0.00      0.00      3.00      0.00      0.00     97.00
11:11:15 PM       7      0.00      0.00      0.00      0.00      0.00    100.00
11:11:15 PM       8      0.00      0.00      0.00      0.00      0.00    100.00
11:11:15 PM       9     36.00      0.00      7.00      0.00      0.00     57.00
11:11:15 PM      10     47.52      0.00      7.92      0.00      0.00     44.55
11:11:15 PM      11     78.79      0.00      7.07      0.00      0.00     14.14
11:11:15 PM      12     45.26      0.00      4.21      0.00      0.00     50.53
11:11:15 PM      13     23.96      0.00      7.29      0.00      0.00     68.75
11:11:15 PM      14     42.86      0.00      6.12      0.00      0.00     51.02
11:11:15 PM      15      0.00      0.00      0.00      0.00      0.00    100.00

11:11:15 PM     CPU     %user     %nice   %system   %iowait    %steal     %idle
11:11:16 PM       0     16.00      0.00      7.00      0.00      0.00     77.00
11:11:16 PM       1     13.00      0.00     10.00      0.00      0.00     77.00
11:11:16 PM       2     11.88      0.00      9.90      0.00      0.00     78.22
11:11:16 PM       3     12.12      0.00      8.08      0.00      0.00     79.80
11:11:16 PM       4     17.82      0.00      8.91      0.00      0.00     73.27
11:11:16 PM       5     73.00      0.00     27.00      0.00      0.00      0.00
11:11:16 PM       6      0.00      0.00      1.00      0.00      0.00     99.00
11:11:16 PM       7      0.00      0.00      0.00      0.00      0.00    100.00
11:11:16 PM       8      0.00      0.00      0.00      0.00      0.00    100.00
11:11:16 PM       9     12.00      0.00      3.00      0.00      0.00     85.00
11:11:16 PM      10      6.25      0.00      4.17      0.00      0.00     89.58
11:11:16 PM      11     24.00      0.00      3.00      0.00      0.00     73.00
11:11:16 PM      12      9.90      0.00      5.94      0.00      0.00     84.16
11:11:16 PM      13     35.64      0.00      2.97      0.00      0.00     61.39
11:11:16 PM      14      7.07      0.00      2.02      0.00      0.00     90.91
11:11:16 PM      15      0.99      0.00      0.00      0.00      0.00     99.01

11:11:16 PM     CPU     %user     %nice   %system   %iowait    %steal     %idle
11:11:17 PM       0     14.00      0.00      9.00      0.00      0.00     77.00
11:11:17 PM       1     13.13      0.00     10.10      0.00      0.00     76.77
11:11:17 PM       2     14.29      0.00     11.43      0.00      0.00     74.29
11:11:17 PM       3     11.46      0.00      7.29      0.00      0.00     81.25
11:11:17 PM       4     15.31      0.00      7.14      0.00      0.00     77.55
11:11:17 PM       5     82.83      0.00     17.17      0.00      0.00      0.00
11:11:17 PM       6      0.00      0.00      0.99      0.00      0.00     99.01
11:11:17 PM       7      0.00      0.00      0.00      0.00      0.00    100.00
11:11:17 PM       8      0.00      0.00      0.00      0.00      0.00    100.00
11:11:17 PM       9     19.80      0.00      9.90      0.00      0.00     70.30
11:11:17 PM      10      0.00      0.00      0.00      0.00      0.00    100.00
11:11:17 PM      11     22.92      0.00      8.33      0.00      0.00     68.75
11:11:17 PM      12      0.00      0.00      3.00      0.00      0.00     97.00
11:11:17 PM      13     25.51      0.00      8.16      0.00      0.00     66.33
11:11:17 PM      14      0.00      0.00      2.02      0.00      0.00     97.98
11:11:17 PM      15      0.00      0.00      0.00      0.00      0.00    100.00

11:11:17 PM     CPU     %user     %nice   %system   %iowait    %steal     %idle
11:11:18 PM       0      0.00      0.00      0.00      0.00      0.00    100.00
11:11:18 PM       1      0.00      0.00      0.00      0.00      0.00    100.00
11:11:18 PM       2      0.00      0.00      0.00      0.00      0.00    100.00
11:11:18 PM       3      0.00      0.00      0.99      0.00      0.00     99.01
11:11:18 PM       4      0.00      0.00      0.00      0.00      0.00    100.00
11:11:18 PM       5      5.94      0.00      0.99      0.00      0.00     93.07
11:11:18 PM       6      0.00      0.00      0.00      0.00      0.00    100.00
11:11:18 PM       7      0.00      0.00      0.00      0.00      0.00    100.00
11:11:18 PM       8      0.00      0.00      0.00      0.00      0.00    100.00
11:11:18 PM       9      0.00      0.00      0.00      0.00      0.00    100.00
11:11:18 PM      10      0.00      0.00      0.00      0.00      0.00    100.00
11:11:18 PM      11      0.00      0.00      2.02      0.00      0.00     97.98
11:11:18 PM      12      0.00      0.00      0.00      0.00      0.00    100.00
11:11:18 PM      13      0.00      0.00      2.97      0.00      0.00     97.03
11:11:18 PM      14      0.00      0.00      0.00      0.00      0.00    100.00
11:11:18 PM      15      0.00      0.00      0.00      0.00      0.00    100.00

11:11:18 PM     CPU     %user     %nice   %system   %iowait    %steal     %idle
11:11:19 PM       0      0.00      0.00      0.00      0.00      0.00    100.00
11:11:19 PM       1      0.00      0.00      0.00      0.00      0.00    100.00
11:11:19 PM       2      0.00      0.00      0.00      0.00      0.00    100.00
11:11:19 PM       3      0.99      0.00      0.00      0.00      0.00     99.01
11:11:19 PM       4      0.00      0.00      0.00      0.00      0.00    100.00
11:11:19 PM       5      0.00      0.00      0.00      0.00      0.00    100.00
11:11:19 PM       6      0.00      0.00      0.00      0.00      0.00    100.00
11:11:19 PM       7      0.00      0.00      0.00      0.00      0.00    100.00
11:11:19 PM       8      0.00      0.00      0.00      0.00      0.00    100.00
11:11:19 PM       9      0.00      0.00      0.00      0.00      0.00    100.00
11:11:19 PM      10      0.00      0.00      0.00      0.00      0.00    100.00
11:11:19 PM      11      0.00      0.00      0.00      0.00      0.00    100.00
11:11:19 PM      12      0.00      0.00      0.00      0.00      0.00    100.00
11:11:19 PM      13      0.00      0.00      0.00      0.00      0.00    100.00
11:11:19 PM      14      0.00      0.00      0.00      0.00      0.00    100.00
11:11:19 PM      15      1.00      0.00      0.00      0.00      0.00     99.00

11:11:19 PM     CPU     %user     %nice   %system   %iowait    %steal     %idle
11:11:20 PM       0      0.00      0.00      0.00      0.00      0.00    100.00
11:11:20 PM       1      0.00      0.00      0.00      0.00      0.00    100.00
11:11:20 PM       2      0.00      0.00      0.00      0.00      0.00    100.00
11:11:20 PM       3      0.00      0.00      0.00      0.00      0.00    100.00
11:11:20 PM       4      0.00      0.00      0.00      0.00      0.00    100.00
11:11:20 PM       5      0.00      0.00      0.00      0.00      0.00    100.00
11:11:20 PM       6      0.00      0.00      0.00      0.00      0.00    100.00
11:11:20 PM       7      0.00      0.00      0.00      0.00      0.00    100.00
11:11:20 PM       8      0.00      0.00      0.00      0.00      0.00    100.00
11:11:20 PM       9      0.00      0.00      0.00      0.00      0.00    100.00
11:11:20 PM      10      0.00      0.00      0.00      0.00      0.00    100.00
11:11:20 PM      11      0.00      0.00      0.00      0.00      0.00    100.00
11:11:20 PM      12      0.00      0.00      0.00      0.00      0.00    100.00
11:11:20 PM      13      0.00      0.00      0.00      0.00      0.00    100.00
11:11:20 PM      14      0.00      0.00      0.00      0.00      0.00    100.00
11:11:20 PM      15      0.00      0.00      0.00      0.00      0.00    100.00

11:11:20 PM     CPU     %user     %nice   %system   %iowait    %steal     %idle
11:11:21 PM       0      0.00      0.00      0.99      0.00      0.00     99.01
11:11:21 PM       1      0.00      0.00      0.00      0.00      0.00    100.00
11:11:21 PM       2      0.00      0.00      0.00      0.00      0.00    100.00
11:11:21 PM       3      0.00      0.00      0.00      0.00      0.00    100.00
11:11:21 PM       4      0.98      0.00      0.98      0.00      0.00     98.04
11:11:21 PM       5      0.00      0.00      0.00      0.00      0.00    100.00
11:11:21 PM       6      0.00      0.00      0.00      0.00      0.00    100.00
11:11:21 PM       7      0.00      0.00      0.00      0.00      0.00    100.00
11:11:21 PM       8      0.00      0.00      0.00      0.00      0.00    100.00
11:11:21 PM       9      0.00      0.00      0.00      0.00      0.00    100.00
11:11:21 PM      10      0.00      0.00      0.00      0.00      0.00    100.00
11:11:21 PM      11      0.00      0.00      0.00      0.00      0.00    100.00
11:11:21 PM      12      0.00      0.00      0.00      0.00      0.00    100.00
11:11:21 PM      13      0.00      0.00      0.00      0.00      0.00    100.00
11:11:21 PM      14      0.00      0.00      0.00      0.00      0.00    100.00
11:11:21 PM      15      0.00      0.00      0.99      0.00      0.00     99.01

Average:        CPU     %user     %nice   %system   %iowait    %steal     %idle
Average:          0     21.34      0.00     12.28      0.00      0.00     66.38
Average:          1     23.41      0.00     11.58      0.00      0.00     65.01
Average:          2     21.65      0.00     12.01      0.00      0.00     66.33
Average:          3     20.95      0.00     11.82      0.00      0.00     67.23
Average:          4     27.14      0.00     15.93      0.00      0.00     56.93
Average:          5     59.89      0.00     18.59      0.00      0.00     21.52
Average:          6      0.07      0.00      0.85      0.04      0.00     99.03
Average:          7      0.59      0.00      0.74      0.00      0.00     98.67
Average:          8      0.11      0.00      0.00      0.00      0.00     99.89
Average:          9     47.77      0.00      4.38      0.00      0.00     47.85
Average:         10     48.81      0.00      4.53      0.00      0.00     46.66
Average:         11     51.19      0.00      4.92      0.00      0.00     43.89
Average:         12     48.64      0.00      4.76      0.00      0.00     46.60
Average:         13     46.33      0.00      4.89      0.00      0.00     48.79
Average:         14     48.90      0.00      4.79      0.00      0.00     46.30
Average:         15      0.30      0.00      0.11      0.00      0.00     99.59
Linux 4.15.0-33-generic (themistocles) 	05/10/2019 	_x86_64_	(32 CPU)

11:12:13 PM     CPU     %user     %nice   %system   %iowait    %steal     %idle
11:12:14 PM       0      0.00      0.00      0.00      0.00      0.00    100.00
11:12:14 PM       1      0.00      0.00      0.00      0.00      0.00    100.00
11:12:14 PM       2      0.00      0.00      0.00      0.00      0.00    100.00
11:12:14 PM       3      0.00      0.00      0.00      0.00      0.00    100.00
11:12:14 PM       4      0.00      0.00      0.00      0.00      0.00    100.00
11:12:14 PM       5      0.00      0.00      0.00      0.00      0.00    100.00
11:12:14 PM       6      0.00      0.00      0.00      0.00      0.00    100.00
11:12:14 PM       7      0.00      0.00      0.00      0.00      0.00    100.00
11:12:14 PM       8      0.00      0.00      0.00      0.00      0.00    100.00
11:12:14 PM       9     89.11      0.00      5.94      0.00      0.00      4.95
11:12:14 PM      10     91.00      0.00      4.00      0.00      0.00      5.00
11:12:14 PM      11     90.10      0.00      4.95      0.00      0.00      4.95
11:12:14 PM      12     92.00      0.00      4.00      0.00      0.00      4.00
11:12:14 PM      13     92.93      0.00      3.03      0.00      0.00      4.04
11:12:14 PM      14     92.93      0.00      4.04      0.00      0.00      3.03
11:12:14 PM      15      1.00      0.00      0.00      0.00      0.00     99.00

11:12:14 PM     CPU     %user     %nice   %system   %iowait    %steal     %idle
11:12:15 PM       0      9.09      0.00      6.06      0.00      0.00     84.85
11:12:15 PM       1      8.00      0.00      7.00      0.00      0.00     85.00
11:12:15 PM       2      9.90      0.00      4.95      0.00      0.00     85.15
11:12:15 PM       3      5.21      0.00      4.17      0.00      0.00     90.62
11:12:15 PM       4      8.25      0.00      7.22      0.00      0.00     84.54
11:12:15 PM       5      0.00      0.00      0.00      0.00      0.00    100.00
11:12:15 PM       6      0.00      0.00      0.00      0.00      0.00    100.00
11:12:15 PM       7      0.00      0.00      0.00      0.00      0.00    100.00
11:12:15 PM       8      0.00      0.00      0.00      0.00      0.00    100.00
11:12:15 PM       9     93.88      0.00      5.10      0.00      0.00      1.02
11:12:15 PM      10     94.12      0.00      4.90      0.00      0.00      0.98
11:12:15 PM      11     93.94      0.00      5.05      0.00      0.00      1.01
11:12:15 PM      12     91.09      0.00      6.93      0.00      0.00      1.98
11:12:15 PM      13     91.00      0.00      7.00      0.00      0.00      2.00
11:12:15 PM      14     92.00      0.00      6.00      0.00      0.00      2.00
11:12:15 PM      15      1.01      0.00      1.01      0.00      0.00     97.98

11:12:15 PM     CPU     %user     %nice   %system   %iowait    %steal     %idle
11:12:16 PM       0     19.00      0.00      9.00      0.00      0.00     72.00
11:12:16 PM       1     22.33      0.00     10.68      0.00      0.00     66.99
11:12:16 PM       2     22.00      0.00      5.00      0.00      0.00     73.00
11:12:16 PM       3     17.20      0.00      5.38      0.00      0.00     77.42
11:12:16 PM       4     21.21      0.00     13.13      0.00      0.00     65.66
11:12:16 PM       5      0.00      0.00      0.00      0.00      0.00    100.00
11:12:16 PM       6      0.00      0.00      0.00      0.00      0.00    100.00
11:12:16 PM       7      0.00      0.00      0.00      0.00      0.00    100.00
11:12:16 PM       8      0.00      0.00      0.00      0.00      0.00    100.00
11:12:16 PM       9     96.04      0.00      3.96      0.00      0.00      0.00
11:12:16 PM      10     94.95      0.00      5.05      0.00      0.00      0.00
11:12:16 PM      11     96.97      0.00      3.03      0.00      0.00      0.00
11:12:16 PM      12     95.96      0.00      4.04      0.00      0.00      0.00
11:12:16 PM      13     96.00      0.00      4.00      0.00      0.00      0.00
11:12:16 PM      14     94.00      0.00      6.00      0.00      0.00      0.00
11:12:16 PM      15      0.00      0.00      0.00      0.00      0.00    100.00

11:12:16 PM     CPU     %user     %nice   %system   %iowait    %steal     %idle
11:12:17 PM       0     28.12      0.00     10.42      0.00      0.00     61.46
11:12:17 PM       1     31.63      0.00     13.27      0.00      0.00     55.10
11:12:17 PM       2     23.47      0.00     16.33      0.00      0.00     60.20
11:12:17 PM       3     25.53      0.00     12.77      0.00      0.00     61.70
11:12:17 PM       4     31.73      0.00     22.12      0.00      0.00     46.15
11:12:17 PM       5      0.00      0.00      0.00      0.00      0.00    100.00
11:12:17 PM       6      0.00      0.00      0.00      0.00      0.00    100.00
11:12:17 PM       7      0.00      0.00      0.99      0.00      0.00     99.01
11:12:17 PM       8      0.00      0.00      0.00      0.00      0.00    100.00
11:12:17 PM       9     92.00      0.00      8.00      0.00      0.00      0.00
11:12:17 PM      10     92.93      0.00      7.07      0.00      0.00      0.00
11:12:17 PM      11     93.07      0.00      6.93      0.00      0.00      0.00
11:12:17 PM      12     94.00      0.00      6.00      0.00      0.00      0.00
11:12:17 PM      13     96.00      0.00      4.00      0.00      0.00      0.00
11:12:17 PM      14     93.07      0.00      6.93      0.00      0.00      0.00
11:12:17 PM      15      0.00      0.00      0.00      0.00      0.00    100.00

11:12:17 PM     CPU     %user     %nice   %system   %iowait    %steal     %idle
11:12:18 PM       0     31.37      0.00     16.67      0.00      0.00     51.96
11:12:18 PM       1     34.34      0.00     19.19      0.00      0.00     46.46
11:12:18 PM       2     29.70      0.00     16.83      0.00      0.00     53.47
11:12:18 PM       3     34.62      0.00     15.38      0.00      0.00     50.00
11:12:18 PM       4     36.46      0.00     23.96      0.00      0.00     39.58
11:12:18 PM       5      0.00      0.00      0.00      0.00      0.00    100.00
11:12:18 PM       6      0.00      0.00      0.00      0.00      0.00    100.00
11:12:18 PM       7      0.00      0.00      0.00      0.00      0.00    100.00
11:12:18 PM       8      0.00      0.00      0.00      0.00      0.00    100.00
11:12:18 PM       9     95.10      0.00      3.92      0.00      0.00      0.98
11:12:18 PM      10     93.00      0.00      7.00      0.00      0.00      0.00
11:12:18 PM      11     94.00      0.00      6.00      0.00      0.00      0.00
11:12:18 PM      12     96.00      0.00      4.00      0.00      0.00      0.00
11:12:18 PM      13     97.00      0.00      3.00      0.00      0.00      0.00
11:12:18 PM      14     95.00      0.00      5.00      0.00      0.00      0.00
11:12:18 PM      15      3.00      0.00      1.00      0.00      0.00     96.00

11:12:18 PM     CPU     %user     %nice   %system   %iowait    %steal     %idle
11:12:19 PM       0     34.69      0.00     15.31      0.00      0.00     50.00
11:12:19 PM       1     42.31      0.00     17.31      0.00      0.00     40.38
11:12:19 PM       2     29.47      0.00     18.95      0.00      0.00     51.58
11:12:19 PM       3     35.71      0.00     16.33      0.00      0.00     47.96
11:12:19 PM       4     42.16      0.00     23.53      0.00      0.00     34.31
11:12:19 PM       5      0.00      0.00      0.00      0.00      0.00    100.00
11:12:19 PM       6      0.00      0.00      0.00      0.00      0.00    100.00
11:12:19 PM       7      0.00      0.00      0.00      0.00      0.00    100.00
11:12:19 PM       8      0.00      0.00      0.00      0.00      0.00    100.00
11:12:19 PM       9     91.92      0.00      5.05      0.00      0.00      3.03
11:12:19 PM      10     89.11      0.00      7.92      0.00      0.00      2.97
11:12:19 PM      11     94.00      0.00      4.00      0.00      0.00      2.00
11:12:19 PM      12     82.00      0.00      9.00      0.00      0.00      9.00
11:12:19 PM      13     87.76      0.00      7.14      0.00      0.00      5.10
11:12:19 PM      14     87.88      0.00      7.07      0.00      0.00      5.05
11:12:19 PM      15      0.00      0.00      0.00      0.00      0.00    100.00

11:12:19 PM     CPU     %user     %nice   %system   %iowait    %steal     %idle
11:12:20 PM       0     34.62      0.00     16.35      0.00      0.00     49.04
11:12:20 PM       1     34.02      0.00     19.59      0.00      0.00     46.39
11:12:20 PM       2     32.32      0.00     14.14      0.00      0.00     53.54
11:12:20 PM       3     31.91      0.00     13.83      0.00      0.00     54.26
11:12:20 PM       4     41.67      0.00     20.83      0.00      0.00     37.50
11:12:20 PM       5      0.00      0.00      0.00      0.00      0.00    100.00
11:12:20 PM       6      0.00      0.00      0.00      0.00      0.00    100.00
11:12:20 PM       7      0.00      0.00      1.00      0.00      0.00     99.00
11:12:20 PM       8      0.00      0.00      0.00      0.00      0.00    100.00
11:12:20 PM       9     67.01      0.00      7.22      0.00      0.00     25.77
11:12:20 PM      10     64.29      0.00      6.12      0.00      0.00     29.59
11:12:20 PM      11     78.22      0.00      4.95      0.00      0.00     16.83
11:12:20 PM      12     65.66      0.00      7.07      0.00      0.00     27.27
11:12:20 PM      13     65.35      0.00      5.94      0.00      0.00     28.71
11:12:20 PM      14     66.99      0.00      6.80      0.00      0.00     26.21
11:12:20 PM      15      0.00      0.00      0.00      0.00      0.00    100.00

11:12:20 PM     CPU     %user     %nice   %system   %iowait    %steal     %idle
11:12:21 PM       0     34.31      0.00     15.69      0.00      0.00     50.00
11:12:21 PM       1     36.46      0.00     16.67      0.00      0.00     46.88
11:12:21 PM       2     26.60      0.00     17.02      0.00      0.00     56.38
11:12:21 PM       3     29.70      0.00     19.80      0.00      0.00     50.50
11:12:21 PM       4     37.86      0.00     23.30      0.00      0.00     38.83
11:12:21 PM       5      0.00      0.00      0.00      0.00      0.00    100.00
11:12:21 PM       6      0.00      0.00      1.98      0.00      0.00     98.02
11:12:21 PM       7      0.00      0.00      0.00      0.00      0.00    100.00
11:12:21 PM       8      0.00      0.00      0.00      0.00      0.00    100.00
11:12:21 PM       9     59.38      0.00      3.12      0.00      0.00     37.50
11:12:21 PM      10     43.30      0.00      5.15      0.00      0.00     51.55
11:12:21 PM      11     60.78      0.00      3.92      0.00      0.00     35.29
11:12:21 PM      12     52.00      0.00      5.00      0.00      0.00     43.00
11:12:21 PM      13     44.44      0.00      4.04      0.00      0.00     51.52
11:12:21 PM      14     44.90      0.00      8.16      0.00      0.00     46.94
11:12:21 PM      15      0.00      0.00      0.00      0.00      0.00    100.00

11:12:21 PM     CPU     %user     %nice   %system   %iowait    %steal     %idle
11:12:22 PM       0     26.04      0.00     20.83      0.00      0.00     53.12
11:12:22 PM       1     39.42      0.00     18.27      0.00      0.00     42.31
11:12:22 PM       2     32.32      0.00     15.15      0.00      0.00     52.53
11:12:22 PM       3     32.65      0.00     16.33      0.00      0.00     51.02
11:12:22 PM       4     33.33      0.00     30.39      0.00      0.00     36.27
11:12:22 PM       5      0.00      0.00      0.00      0.00      0.00    100.00
11:12:22 PM       6      0.00      0.00      2.00      0.00      0.00     98.00
11:12:22 PM       7      0.00      0.00      0.00      0.00      0.00    100.00
11:12:22 PM       8      0.00      0.00      0.00      0.00      0.00    100.00
11:12:22 PM       9     63.11      0.00      5.83      0.00      0.00     31.07
11:12:22 PM      10     76.29      0.00      9.28      0.00      0.00     14.43
11:12:22 PM      11     60.40      0.00      3.96      0.00      0.00     35.64
11:12:22 PM      12     74.00      0.00      5.00      0.00      0.00     21.00
11:12:22 PM      13     69.70      0.00      5.05      0.00      0.00     25.25
11:12:22 PM      14     58.25      0.00      6.80      0.00      0.00     34.95
11:12:22 PM      15      0.00      0.00      0.00      0.00      0.00    100.00

11:12:22 PM     CPU     %user     %nice   %system   %iowait    %steal     %idle
11:12:23 PM       0     33.98      0.00     18.45      0.00      0.00     47.57
11:12:23 PM       1     33.33      0.00     17.65      0.00      0.00     49.02
11:12:23 PM       2     31.31      0.00     18.18      0.00      0.00     50.51
11:12:23 PM       3     32.65      0.00     18.37      0.00      0.00     48.98
11:12:23 PM       4     42.86      0.00     27.55      0.00      0.00     29.59
11:12:23 PM       5      0.00      0.00      0.00      0.00      0.00    100.00
11:12:23 PM       6      0.00      0.00      0.00      0.00      0.00    100.00
11:12:23 PM       7      0.00      0.00      0.00      0.00      0.00    100.00
11:12:23 PM       8      0.00      0.00      0.00      0.00      0.00    100.00
11:12:23 PM       9     60.20      0.00      8.16      0.00      0.00     31.63
11:12:23 PM      10     77.00      0.00      9.00      0.00      0.00     14.00
11:12:23 PM      11     73.74      0.00      6.06      0.00      0.00     20.20
11:12:23 PM      12     65.66      0.00     10.10      0.00      0.00     24.24
11:12:23 PM      13     73.27      0.00      5.94      0.00      0.00     20.79
11:12:23 PM      14     67.00      0.00      4.00      0.00      0.00     29.00
11:12:23 PM      15      0.00      0.00      0.00      0.00      0.00    100.00

11:12:23 PM     CPU     %user     %nice   %system   %iowait    %steal     %idle
11:12:24 PM       0     31.96      0.00     18.56      0.00      0.00     49.48
11:12:24 PM       1     30.85      0.00     14.89      0.00      0.00     54.26
11:12:24 PM       2     33.00      0.00     17.00      0.00      0.00     50.00
11:12:24 PM       3     30.69      0.00     20.79      0.00      0.00     48.51
11:12:24 PM       4     48.45      0.00     25.77      0.00      0.00     25.77
11:12:24 PM       5      0.00      0.00      0.00      0.00      0.00    100.00
11:12:24 PM       6      0.00      0.00      1.00      0.00      0.00     99.00
11:12:24 PM       7      0.00      0.00      0.00      0.00      0.00    100.00
11:12:24 PM       8      0.00      0.00      0.00      0.00      0.00    100.00
11:12:24 PM       9     63.11      0.00      5.83      0.00      0.00     31.07
11:12:24 PM      10     71.00      0.00      8.00      0.00      0.00     21.00
11:12:24 PM      11     88.35      0.00      5.83      0.00      0.00      5.83
11:12:24 PM      12     64.36      0.00      6.93      0.00      0.00     28.71
11:12:24 PM      13     72.16      0.00      4.12      0.00      0.00     23.71
11:12:24 PM      14     63.73      0.00      8.82      0.00      0.00     27.45
11:12:24 PM      15      0.00      0.00      0.00      0.00      0.00    100.00

11:12:24 PM     CPU     %user     %nice   %system   %iowait    %steal     %idle
11:12:25 PM       0     34.34      0.00     18.18      0.00      0.00     47.47
11:12:25 PM       1     32.32      0.00     19.19      0.00      0.00     48.48
11:12:25 PM       2     36.27      0.00     16.67      0.00      0.00     47.06
11:12:25 PM       3     35.71      0.00     16.33      0.00      0.00     47.96
11:12:25 PM       4     49.48      0.00     24.74      0.00      0.00     25.77
11:12:25 PM       5      0.00      0.00      0.00      0.00      0.00    100.00
11:12:25 PM       6      0.00      0.00      0.00      0.00      0.00    100.00
11:12:25 PM       7      0.00      0.00      1.00      0.00      0.00     99.00
11:12:25 PM       8      0.00      0.00      0.00      0.00      0.00    100.00
11:12:25 PM       9     57.73      0.00      4.12      0.00      0.00     38.14
11:12:25 PM      10     45.36      0.00     10.31      0.00      0.00     44.33
11:12:25 PM      11     61.70      0.00      5.32      0.00      0.00     32.98
11:12:25 PM      12     78.79      0.00      8.08      0.00      0.00     13.13
11:12:25 PM      13     54.00      0.00      5.00      0.00      0.00     41.00
11:12:25 PM      14     48.00      0.00      6.00      0.00      0.00     46.00
11:12:25 PM      15      0.00      0.00      0.00      0.00      0.00    100.00

11:12:25 PM     CPU     %user     %nice   %system   %iowait    %steal     %idle
11:12:26 PM       0     33.67      0.00     19.39      0.00      0.00     46.94
11:12:26 PM       1     32.29      0.00     16.67      0.00      0.00     51.04
11:12:26 PM       2     35.92      0.00     19.42      0.00      0.00     44.66
11:12:26 PM       3     31.00      0.00     21.00      0.00      0.00     48.00
11:12:26 PM       4     48.54      0.00     27.18      0.00      0.00     24.27
11:12:26 PM       5      0.00      0.00      0.00      0.00      0.00    100.00
11:12:26 PM       6      0.00      0.00      0.00      0.00      0.00    100.00
11:12:26 PM       7      0.00      0.00      0.00      0.00      0.00    100.00
11:12:26 PM       8      0.00      0.00      0.00      0.00      0.00    100.00
11:12:26 PM       9     77.23      0.00      3.96      0.00      0.00     18.81
11:12:26 PM      10     61.00      0.00      9.00      0.00      0.00     30.00
11:12:26 PM      11     71.00      0.00      8.00      0.00      0.00     21.00
11:12:26 PM      12     43.56      0.00      7.92      0.00      0.00     48.51
11:12:26 PM      13     76.29      0.00      5.15      0.00      0.00     18.56
11:12:26 PM      14     41.84      0.00      7.14      0.00      0.00     51.02
11:12:26 PM      15      1.00      0.00      0.00      0.00      0.00     99.00

11:12:26 PM     CPU     %user     %nice   %system   %iowait    %steal     %idle
11:12:27 PM       0     30.00      0.00     25.00      0.00      0.00     45.00
11:12:27 PM       1     39.05      0.00     16.19      0.00      0.00     44.76
11:12:27 PM       2     33.01      0.00     21.36      0.00      0.00     45.63
11:12:27 PM       3     29.79      0.00     21.28      0.00      0.00     48.94
11:12:27 PM       4     46.32      0.00     28.42      0.00      0.00     25.26
11:12:27 PM       5      0.00      0.00      0.00      0.00      0.00    100.00
11:12:27 PM       6      0.00      0.00      1.00      0.00      0.00     99.00
11:12:27 PM       7      0.00      0.00      0.00      0.00      0.00    100.00
11:12:27 PM       8      0.00      0.00      0.00      0.00      0.00    100.00
11:12:27 PM       9     48.48      0.00      7.07      0.00      0.00     44.44
11:12:27 PM      10     45.92      0.00      8.16      0.00      0.00     45.92
11:12:27 PM      11     59.79      0.00      3.09      0.00      0.00     37.11
11:12:27 PM      12     52.94      0.00      7.84      0.00      0.00     39.22
11:12:27 PM      13     44.55      0.00      8.91      0.00      0.00     46.53
11:12:27 PM      14     74.26      0.00      4.95      0.00      0.00     20.79
11:12:27 PM      15      0.00      0.00      0.00      0.00      0.00    100.00

11:12:27 PM     CPU     %user     %nice   %system   %iowait    %steal     %idle
11:12:28 PM       0     22.22      0.00     14.14      0.00      0.00     63.64
11:12:28 PM       1     27.08      0.00     11.46      0.00      0.00     61.46
11:12:28 PM       2     23.47      0.00     11.22      0.00      0.00     65.31
11:12:28 PM       3     21.88      0.00     11.46      0.00      0.00     66.67
11:12:28 PM       4     26.00      0.00     18.00      0.00      0.00     56.00
11:12:28 PM       5      0.00      0.00      0.00      0.00      0.00    100.00
11:12:28 PM       6      0.00      0.00      0.00      0.00      0.00    100.00
11:12:28 PM       7      0.99      0.00      0.00      0.00      0.00     99.01
11:12:28 PM       8      0.00      0.00      0.00      0.00      0.00    100.00
11:12:28 PM       9     29.00      0.00      3.00      0.00      0.00     68.00
11:12:28 PM      10     48.98      0.00      3.06      0.00      0.00     47.96
11:12:28 PM      11     31.07      0.00      6.80      0.00      0.00     62.14
11:12:28 PM      12     36.00      0.00      5.00      0.00      0.00     59.00
11:12:28 PM      13     35.64      0.00      3.96      0.00      0.00     60.40
11:12:28 PM      14     35.71      0.00      3.06      0.00      0.00     61.22
11:12:28 PM      15      1.00      0.00      0.00      0.00      0.00     99.00

11:12:28 PM     CPU     %user     %nice   %system   %iowait    %steal     %idle
11:12:29 PM       0     20.59      0.00     13.73      0.00      0.00     65.69
11:12:29 PM       1     24.75      0.00     12.87      0.00      0.00     62.38
11:12:29 PM       2     20.79      0.00     11.88      0.00      0.00     67.33
11:12:29 PM       3     22.33      0.00     12.62      0.00      0.00     65.05
11:12:29 PM       4     24.00      0.00     16.00      0.00      0.00     60.00
11:12:29 PM       5      0.00      0.00      0.00      0.00      0.00    100.00
11:12:29 PM       6      0.00      0.00      0.00      0.00      0.00    100.00
11:12:29 PM       7      0.00      0.00      0.00      0.00      0.00    100.00
11:12:29 PM       8      0.00      0.00      0.00      0.00      0.00    100.00
11:12:29 PM       9     13.83      0.00      3.19      0.00      0.00     82.98
11:12:29 PM      10     23.23      0.00      5.05      0.00      0.00     71.72
11:12:29 PM      11     38.38      0.00      3.03      0.00      0.00     58.59
11:12:29 PM      12     36.73      0.00      4.08      0.00      0.00     59.18
11:12:29 PM      13     22.55      0.00      5.88      0.00      0.00     71.57
11:12:29 PM      14     21.65      0.00      4.12      0.00      0.00     74.23
11:12:29 PM      15      0.00      0.00      0.00      0.00      0.00    100.00

11:12:29 PM     CPU     %user     %nice   %system   %iowait    %steal     %idle
11:12:30 PM       0     32.63      0.00     18.95      0.00      0.00     48.42
11:12:30 PM       1     39.60      0.00     18.81      0.00      0.00     41.58
11:12:30 PM       2     33.33      0.00     18.63      0.00      0.00     48.04
11:12:30 PM       3     30.93      0.00     20.62      0.00      0.00     48.45
11:12:30 PM       4     40.00      0.00     25.00      0.00      0.00     35.00
11:12:30 PM       5      0.00      0.00      0.00      0.00      0.00    100.00
11:12:30 PM       6      0.00      0.00      2.00      0.00      0.00     98.00
11:12:30 PM       7      0.00      0.00      0.00      0.00      0.00    100.00
11:12:30 PM       8      0.00      0.00      0.00      0.00      0.00    100.00
11:12:30 PM       9     53.40      0.00      7.77      0.00      0.00     38.83
11:12:30 PM      10     38.00      0.00      6.00      0.00      0.00     56.00
11:12:30 PM      11     34.00      0.00      5.00      0.00      0.00     61.00
11:12:30 PM      12     37.25      0.00      8.82      0.00      0.00     53.92
11:12:30 PM      13     43.88      0.00      8.16      0.00      0.00     47.96
11:12:30 PM      14     40.00      0.00      7.37      0.00      0.00     52.63
11:12:30 PM      15      0.00      0.00      0.00      0.00      0.00    100.00

11:12:30 PM     CPU     %user     %nice   %system   %iowait    %steal     %idle
11:12:31 PM       0     35.64      0.00     19.80      0.00      0.00     44.55
11:12:31 PM       1     39.22      0.00     22.55      0.00      0.00     38.24
11:12:31 PM       2     40.57      0.00     17.92      0.00      0.00     41.51
11:12:31 PM       3     41.24      0.00     11.34      0.00      0.00     47.42
11:12:31 PM       4     42.71      0.00     25.00      0.00      0.00     32.29
11:12:31 PM       5      0.00      0.00      0.00      0.00      0.00    100.00
11:12:31 PM       6      0.00      0.00      1.00      0.00      0.00     99.00
11:12:31 PM       7      0.00      0.00      0.00      0.00      0.00    100.00
11:12:31 PM       8      0.00      0.00      0.00      0.00      0.00    100.00
11:12:31 PM       9     36.46      0.00      6.25      0.00      0.00     57.29
11:12:31 PM      10     37.37      0.00      5.05      0.00      0.00     57.58
11:12:31 PM      11     51.96      0.00      9.80      0.00      0.00     38.24
11:12:31 PM      12     39.22      0.00      9.80      0.00      0.00     50.98
11:12:31 PM      13     39.80      0.00      5.10      0.00      0.00     55.10
11:12:31 PM      14     42.27      0.00      6.19      0.00      0.00     51.55
11:12:31 PM      15      0.00      0.00      0.00      0.00      0.00    100.00

11:12:31 PM     CPU     %user     %nice   %system   %iowait    %steal     %idle
11:12:32 PM       0     14.42      0.00     10.58      0.00      0.00     75.00
11:12:32 PM       1     17.17      0.00      6.06      0.00      0.00     76.77
11:12:32 PM       2     12.24      0.00      7.14      0.00      0.00     80.61
11:12:32 PM       3     13.86      0.00      8.91      0.00      0.00     77.23
11:12:32 PM       4     14.29      0.00     11.22      0.00      0.00     74.49
11:12:32 PM       5      0.00      0.00      0.00      0.00      0.00    100.00
11:12:32 PM       6      0.00      0.00      1.00      0.00      0.00     99.00
11:12:32 PM       7      0.00      0.00      0.00      0.00      0.00    100.00
11:12:32 PM       8      0.00      0.00      0.00      0.00      0.00    100.00
11:12:32 PM       9     10.20      0.00      4.08      0.00      0.00     85.71
11:12:32 PM      10     13.27      0.00      3.06      0.00      0.00     83.67
11:12:32 PM      11     12.87      0.00      4.95      0.00      0.00     82.18
11:12:32 PM      12     13.40      0.00      2.06      0.00      0.00     84.54
11:12:32 PM      13     17.00      0.00      4.00      0.00      0.00     79.00
11:12:32 PM      14     12.00      0.00      3.00      0.00      0.00     85.00
11:12:32 PM      15      0.00      0.00      0.00      0.00      0.00    100.00

11:12:32 PM     CPU     %user     %nice   %system   %iowait    %steal     %idle
11:12:33 PM       0      0.00      0.00      0.00      0.00      0.00    100.00
11:12:33 PM       1      0.00      0.00      0.00      0.00      0.00    100.00
11:12:33 PM       2      0.99      0.00      0.00      0.00      0.00     99.01
11:12:33 PM       3      0.00      0.00      0.00      0.00      0.00    100.00
11:12:33 PM       4      0.00      0.00      0.00      0.00      0.00    100.00
11:12:33 PM       5      0.00      0.00      0.00      0.00      0.00    100.00
11:12:33 PM       6      0.99      0.00      0.00      0.00      0.00     99.01
11:12:33 PM       7      0.00      0.00      0.00      0.00      0.00    100.00
11:12:33 PM       8      0.00      0.00      0.00      0.00      0.00    100.00
11:12:33 PM       9      0.00      0.00      0.00      0.00      0.00    100.00
11:12:33 PM      10      0.00      0.00      0.00      0.00      0.00    100.00
11:12:33 PM      11      0.00      0.00      0.00      0.00      0.00    100.00
11:12:33 PM      12      0.00      0.00      0.00      0.00      0.00    100.00
11:12:33 PM      13      0.00      0.00      0.00      0.00      0.00    100.00
11:12:33 PM      14      0.00      0.00      0.00      0.00      0.00    100.00
11:12:33 PM      15      0.00      0.00      0.00      0.00      0.00    100.00

11:12:33 PM     CPU     %user     %nice   %system   %iowait    %steal     %idle
11:12:34 PM       0     28.71      0.00     16.83      0.00      0.00     54.46
11:12:34 PM       1     30.69      0.00     19.80      0.00      0.00     49.50
11:12:34 PM       2     29.00      0.00     14.00      0.00      0.00     57.00
11:12:34 PM       3     30.69      0.00     12.87      0.00      0.00     56.44
11:12:34 PM       4     31.63      0.00     20.41      0.00      0.00     47.96
11:12:34 PM       5      0.00      0.00      0.00      0.00      0.00    100.00
11:12:34 PM       6      0.00      0.00      0.00      0.00      0.00    100.00
11:12:34 PM       7      0.00      0.00      0.00      0.00      0.00    100.00
11:12:34 PM       8      0.00      0.00      0.00      0.00      0.00    100.00
11:12:34 PM       9     22.00      0.00      6.00      0.00      0.00     72.00
11:12:34 PM      10     45.45      0.00      7.07      0.00      0.00     47.47
11:12:34 PM      11     43.14      0.00      7.84      0.00      0.00     49.02
11:12:34 PM      12     43.00      0.00      5.00      0.00      0.00     52.00
11:12:34 PM      13     35.92      0.00      4.85      0.00      0.00     59.22
11:12:34 PM      14     25.77      0.00      5.15      0.00      0.00     69.07
11:12:34 PM      15      0.00      0.00      0.00      0.00      0.00    100.00

11:12:34 PM     CPU     %user     %nice   %system   %iowait    %steal     %idle
11:12:35 PM       0     29.59      0.00     21.43      0.00      0.00     48.98
11:12:35 PM       1     42.86      0.00     15.31      0.00      0.00     41.84
11:12:35 PM       2     34.69      0.00     15.31      0.00      0.00     50.00
11:12:35 PM       3     35.85      0.00     17.92      0.00      0.00     46.23
11:12:35 PM       4     37.50      0.00     25.96      0.00      0.00     36.54
11:12:35 PM       5      0.00      0.00      0.00      0.00      0.00    100.00
11:12:35 PM       6      0.00      0.00      0.00      0.00      0.00    100.00
11:12:35 PM       7      0.00      0.00      0.00      0.00      0.00    100.00
11:12:35 PM       8      0.00      0.00      0.00      0.00      0.00    100.00
11:12:35 PM       9     37.37      0.00      9.09      0.00      0.00     53.54
11:12:35 PM      10     20.00      0.00      8.00      0.00      0.00     72.00
11:12:35 PM      11     27.37      0.00      9.47      0.00      0.00     63.16
11:12:35 PM      12     26.53      0.00      6.12      0.00      0.00     67.35
11:12:35 PM      13     51.96      0.00      7.84      0.00      0.00     40.20
11:12:35 PM      14     53.47      0.00      8.91      0.00      0.00     37.62
11:12:35 PM      15      0.00      0.00      0.00      0.00      0.00    100.00

11:12:35 PM     CPU     %user     %nice   %system   %iowait    %steal     %idle
11:12:36 PM       0      8.70      0.00      5.43      0.00      0.00     85.87
11:12:36 PM       1     13.27      0.00      6.12      0.00      0.00     80.61
11:12:36 PM       2     14.00      0.00      5.00      0.00      0.00     81.00
11:12:36 PM       3     15.38      0.00      5.77      0.00      0.00     78.85
11:12:36 PM       4     11.88      0.00      9.90      0.00      0.00     78.22
11:12:36 PM       5      0.00      0.00      0.00      0.00      0.00    100.00
11:12:36 PM       6      0.00      0.00      0.00      0.00      0.00    100.00
11:12:36 PM       7      0.00      0.00      0.00      0.00      0.00    100.00
11:12:36 PM       8      0.00      0.00      0.00      0.00      0.00    100.00
11:12:36 PM       9     19.61      0.00      7.84      0.00      0.00     72.55
11:12:36 PM      10      0.00      0.00      2.02      0.00      0.00     97.98
11:12:36 PM      11      0.00      0.00      3.00      0.00      0.00     97.00
11:12:36 PM      12      0.00      0.00      3.00      0.00      0.00     97.00
11:12:36 PM      13     22.45      0.00      8.16      0.00      0.00     69.39
11:12:36 PM      14     21.21      0.00      9.09      0.00      0.00     69.70
11:12:36 PM      15      0.00      0.00      1.00      0.00      0.00     99.00

11:12:36 PM     CPU     %user     %nice   %system   %iowait    %steal     %idle
11:12:37 PM       0      0.00      0.00      0.00      0.00      0.00    100.00
11:12:37 PM       1      0.00      0.00      0.00      0.00      0.00    100.00
11:12:37 PM       2      0.00      0.00      0.00      0.00      0.00    100.00
11:12:37 PM       3      0.00      0.00      0.00      0.00      0.00    100.00
11:12:37 PM       4      0.00      0.00      0.00      0.00      0.00    100.00
11:12:37 PM       5      0.00      0.00      0.00      0.00      0.00    100.00
11:12:37 PM       6      0.00      0.00      0.00      0.00      0.00    100.00
11:12:37 PM       7      0.00      0.00      0.00      0.00      0.00    100.00
11:12:37 PM       8      0.00      0.00      0.00      0.00      0.00    100.00
11:12:37 PM       9      0.00      0.00      0.00      0.00      0.00    100.00
11:12:37 PM      10      0.00      0.00      0.00      0.00      0.00    100.00
11:12:37 PM      11      0.00      0.00      0.00      0.00      0.00    100.00
11:12:37 PM      12      0.00      0.00      0.00      0.00      0.00    100.00
11:12:37 PM      13      0.00      0.00      0.00      0.00      0.00    100.00
11:12:37 PM      14      0.00      0.00      0.00      0.00      0.00    100.00
11:12:37 PM      15      0.00      0.00      0.00      0.00      0.00    100.00

11:12:37 PM     CPU     %user     %nice   %system   %iowait    %steal     %idle
11:12:38 PM       0      0.99      0.00      0.00      0.00      0.00     99.01
11:12:38 PM       1      0.00      0.00      0.00      0.00      0.00    100.00
11:12:38 PM       2      0.00      0.00      0.00      0.00      0.00    100.00
11:12:38 PM       3      0.00      0.00      0.00      0.00      0.00    100.00
11:12:38 PM       4      0.99      0.00      0.00      0.00      0.00     99.01
11:12:38 PM       5      0.00      0.00      0.00      0.00      0.00    100.00
11:12:38 PM       6      0.00      0.00      0.00      0.00      0.00    100.00
11:12:38 PM       7      0.00      0.00      0.00      0.00      0.00    100.00
11:12:38 PM       8      0.00      0.00      0.00      0.00      0.00    100.00
11:12:38 PM       9      0.00      0.00      0.00      0.00      0.00    100.00
11:12:38 PM      10      0.00      0.00      0.00      0.00      0.00    100.00
11:12:38 PM      11      0.00      0.00      0.00      0.00      0.00    100.00
11:12:38 PM      12      0.00      0.00      0.00      0.00      0.00    100.00
11:12:38 PM      13      0.00      0.00      0.00      0.00      0.00    100.00
11:12:38 PM      14      0.00      0.00      0.00      0.00      0.00    100.00
11:12:38 PM      15      0.00      0.00      0.00      0.00      0.00    100.00

Average:        CPU     %user     %nice   %system   %iowait    %steal     %idle
Average:          0     23.00      0.00     13.23      0.00      0.00     63.77
Average:          1     26.07      0.00     12.80      0.00      0.00     61.13
Average:          2     23.43      0.00     12.09      0.00      0.00     64.48
Average:          3     23.38      0.00     12.14      0.00      0.00     64.48
Average:          4     28.64      0.00     17.98      0.00      0.00     53.38
Average:          5      0.00      0.00      0.00      0.00      0.00    100.00
Average:          6      0.04      0.00      0.40      0.00      0.00     99.56
Average:          7      0.04      0.00      0.12      0.00      0.00     99.84
Average:          8      0.00      0.00      0.00      0.00      0.00    100.00
Average:          9     51.19      0.00      4.99      0.00      0.00     43.83
Average:         10     50.71      0.00      5.61      0.00      0.00     43.69
Average:         11     54.22      0.00      4.84      0.00      0.00     40.94
Average:         12     51.24      0.00      5.44      0.00      0.00     43.31
Average:         13     53.11      0.00      4.81      0.00      0.00     42.08
Average:         14     51.05      0.00      5.39      0.00      0.00     43.57
Average:         15      0.28      0.00      0.12      0.00      0.00     99.60
