Linux 4.15.0-33-generic (themistocles) 	05/10/2019 	_x86_64_	(32 CPU)

11:08:57 PM     CPU     %user     %nice   %system   %iowait    %steal     %idle
11:08:58 PM       0      0.00      0.00      0.00      0.00      0.00    100.00
11:08:58 PM       1      0.00      0.00      0.00      0.00      0.00    100.00
11:08:58 PM       2      0.00      0.00      0.00      0.00      0.00    100.00
11:08:58 PM       3      0.00      0.00      0.00      0.00      0.00    100.00
11:08:58 PM       4      0.00      0.00      0.00      0.00      0.00    100.00
11:08:58 PM       5      0.00      0.00      0.00      0.00      0.00    100.00
11:08:58 PM       6      0.00      0.00      0.00      0.00      0.00    100.00
11:08:58 PM       7      0.00      0.00      0.00      0.00      0.00    100.00
11:08:58 PM       8      0.00      0.00      0.00      0.00      0.00    100.00
11:08:58 PM       9     90.10      0.00      4.95      0.00      0.00      4.95
11:08:58 PM      10     90.91      0.00      5.05      0.00      0.00      4.04
11:08:58 PM      11     92.00      0.00      4.00      0.00      0.00      4.00
11:08:58 PM      12     89.00      0.00      7.00      0.00      0.00      4.00
11:08:58 PM      13     90.10      0.00      5.94      0.00      0.00      3.96
11:08:58 PM      14     91.00      0.00      6.00      0.00      0.00      3.00
11:08:58 PM      15      0.00      0.00      0.00      0.00      0.00    100.00

11:08:58 PM     CPU     %user     %nice   %system   %iowait    %steal     %idle
11:08:59 PM       0     12.24      0.00      7.14      0.00      0.00     80.61
11:08:59 PM       1     10.75      0.00      4.30      0.00      0.00     84.95
11:08:59 PM       2     10.10      0.00      7.07      0.00      0.00     82.83
11:08:59 PM       3     11.22      0.00      6.12      0.00      0.00     82.65
11:08:59 PM       4      9.38      0.00      4.17      0.00      0.00     86.46
11:08:59 PM       5      0.00      0.00      0.00      0.00      0.00    100.00
11:08:59 PM       6      0.00      0.00      0.00      0.00      0.00    100.00
11:08:59 PM       7      0.00      0.00      0.99      0.00      0.00     99.01
11:08:59 PM       8      0.00      0.00      0.00      0.00      0.00    100.00
11:08:59 PM       9     88.12      0.00      6.93      0.00      0.00      4.95
11:08:59 PM      10     88.12      0.00      7.92      0.00      0.00      3.96
11:08:59 PM      11     91.92      0.00      4.04      0.00      0.00      4.04
11:08:59 PM      12     90.10      0.00      5.94      0.00      0.00      3.96
11:08:59 PM      13     91.92      0.00      4.04      0.00      0.00      4.04
11:08:59 PM      14     90.91      0.00      5.05      0.00      0.00      4.04
11:08:59 PM      15      3.00      0.00      0.00      0.00      0.00     97.00

11:08:59 PM     CPU     %user     %nice   %system   %iowait    %steal     %idle
11:09:00 PM       0     19.39      0.00     15.31      0.00      0.00     65.31
11:09:00 PM       1     22.00      0.00     15.00      0.00      0.00     63.00
11:09:00 PM       2     27.08      0.00      9.38      0.00      0.00     63.54
11:09:00 PM       3     22.11      0.00     10.53      0.00      0.00     67.37
11:09:00 PM       4     16.67      0.00     11.46      0.00      0.00     71.88
11:09:00 PM       5      0.00      0.00      0.99      0.00      0.00     99.01
11:09:00 PM       6      0.00      0.00      1.00      0.00      0.00     99.00
11:09:00 PM       7      0.00      0.00      1.01      0.00      0.00     98.99
11:09:00 PM       8      0.00      0.00      0.00      0.00      0.00    100.00
11:09:00 PM       9     96.97      0.00      3.03      0.00      0.00      0.00
11:09:00 PM      10     93.07      0.00      6.93      0.00      0.00      0.00
11:09:00 PM      11     95.00      0.00      5.00      0.00      0.00      0.00
11:09:00 PM      12     94.00      0.00      6.00      0.00      0.00      0.00
11:09:00 PM      13     96.00      0.00      4.00      0.00      0.00      0.00
11:09:00 PM      14     93.07      0.00      6.93      0.00      0.00      0.00
11:09:00 PM      15      0.00      0.00      0.00      0.00      0.00    100.00

11:09:00 PM     CPU     %user     %nice   %system   %iowait    %steal     %idle
11:09:01 PM       0     28.57      0.00     18.37      0.00      0.00     53.06
11:09:01 PM       1     28.28      0.00     17.17      0.00      0.00     54.55
11:09:01 PM       2     29.17      0.00     17.71      0.00      0.00     53.12
11:09:01 PM       3     31.58      0.00     15.79      0.00      0.00     52.63
11:09:01 PM       4     27.00      0.00     14.00      0.00      0.00     59.00
11:09:01 PM       5      0.00      0.00      0.00      0.00      0.00    100.00
11:09:01 PM       6      0.00      0.00      2.00      0.00      0.00     98.00
11:09:01 PM       7      5.00      0.00      5.00      0.00      0.00     90.00
11:09:01 PM       8      0.00      0.00      0.00      0.00      0.00    100.00
11:09:01 PM       9     92.08      0.00      7.92      0.00      0.00      0.00
11:09:01 PM      10     95.00      0.00      5.00      0.00      0.00      0.00
11:09:01 PM      11     93.00      0.00      7.00      0.00      0.00      0.00
11:09:01 PM      12     96.00      0.00      4.00      0.00      0.00      0.00
11:09:01 PM      13     96.04      0.00      3.96      0.00      0.00      0.00
11:09:01 PM      14     95.00      0.00      4.00      0.00      0.00      1.00
11:09:01 PM      15      0.00      0.00      0.00      0.00      0.00    100.00

11:09:01 PM     CPU     %user     %nice   %system   %iowait    %steal     %idle
11:09:02 PM       0     39.39      0.00     14.14      0.00      0.00     46.46
11:09:02 PM       1     37.62      0.00     14.85      0.00      0.00     47.52
11:09:02 PM       2     36.73      0.00     17.35      0.00      0.00     45.92
11:09:02 PM       3     34.00      0.00     18.00      0.00      0.00     48.00
11:09:02 PM       4     36.27      0.00     14.71      0.00      0.00     49.02
11:09:02 PM       5      0.00      0.00      0.00      0.00      0.00    100.00
11:09:02 PM       6      0.00      0.00      1.00      0.00      0.00     99.00
11:09:02 PM       7      0.00      0.00      0.00      0.00      0.00    100.00
11:09:02 PM       8      0.00      0.00      0.00      0.00      0.00    100.00
11:09:02 PM       9     95.96      0.00      4.04      0.00      0.00      0.00
11:09:02 PM      10     93.94      0.00      4.04      0.00      0.00      2.02
11:09:02 PM      11     96.00      0.00      3.00      0.00      0.00      1.00
11:09:02 PM      12     95.05      0.00      3.96      0.00      0.00      0.99
11:09:02 PM      13     92.00      0.00      5.00      0.00      0.00      3.00
11:09:02 PM      14     93.94      0.00      6.06      0.00      0.00      0.00
11:09:02 PM      15      0.00      0.00      0.00      0.00      0.00    100.00

11:09:02 PM     CPU     %user     %nice   %system   %iowait    %steal     %idle
11:09:03 PM       0     32.67      0.00     22.77      0.00      0.00     44.55
11:09:03 PM       1     31.68      0.00     20.79      0.00      0.00     47.52
11:09:03 PM       2     37.00      0.00     19.00      0.00      0.00     44.00
11:09:03 PM       3     37.14      0.00     22.86      0.00      0.00     40.00
11:09:03 PM       4     35.00      0.00     16.00      0.00      0.00     49.00
11:09:03 PM       5      0.00      0.00      0.00      0.00      0.00    100.00
11:09:03 PM       6      0.00      0.00      0.00      0.00      0.00    100.00
11:09:03 PM       7      0.00      0.00      0.00      0.00      0.00    100.00
11:09:03 PM       8      0.00      0.00      0.00      0.00      0.00    100.00
11:09:03 PM       9     76.47      0.00      8.82      0.00      0.00     14.71
11:09:03 PM      10     83.67      0.00      6.12      0.00      0.00     10.20
11:09:03 PM      11     86.73      0.00      4.08      0.00      0.00      9.18
11:09:03 PM      12     78.79      0.00      6.06      0.00      0.00     15.15
11:09:03 PM      13     84.85      0.00      5.05      0.00      0.00     10.10
11:09:03 PM      14     77.78      0.00      4.04      0.00      0.00     18.18
11:09:03 PM      15      0.00      0.00      0.00      0.00      0.00    100.00

11:09:03 PM     CPU     %user     %nice   %system   %iowait    %steal     %idle
11:09:04 PM       0     33.66      0.00     21.78      0.00      0.00     44.55
11:09:04 PM       1     43.01      0.00     17.20      0.00      0.00     39.78
11:09:04 PM       2     36.89      0.00     21.36      0.00      0.00     41.75
11:09:04 PM       3     34.58      0.00     21.50      0.00      0.00     43.93
11:09:04 PM       4     30.30      0.00     16.16      0.00      0.00     53.54
11:09:04 PM       5      0.00      0.00      0.00      0.00      0.00    100.00
11:09:04 PM       6      0.00      0.00      0.00      0.00      0.00    100.00
11:09:04 PM       7      0.00      0.00      0.00      0.00      0.00    100.00
11:09:04 PM       8      0.00      0.00      0.00      0.00      0.00    100.00
11:09:04 PM       9     45.16      0.00      2.15      0.00      0.00     52.69
11:09:04 PM      10     63.27      0.00      4.08      0.00      0.00     32.65
11:09:04 PM      11     48.98      0.00      5.10      0.00      0.00     45.92
11:09:04 PM      12     47.92      0.00      4.17      0.00      0.00     47.92
11:09:04 PM      13     50.49      0.00      4.85      0.00      0.00     44.66
11:09:04 PM      14     56.86      0.00      5.88      0.00      0.00     37.25
11:09:04 PM      15      0.00      0.00      0.00      0.00      0.00    100.00

11:09:04 PM     CPU     %user     %nice   %system   %iowait    %steal     %idle
11:09:05 PM       0     37.37      0.00     15.15      0.00      0.00     47.47
11:09:05 PM       1     43.43      0.00     15.15      0.00      0.00     41.41
11:09:05 PM       2     35.71      0.00     19.39      0.00      0.00     44.90
11:09:05 PM       3     33.67      0.00     19.39      0.00      0.00     46.94
11:09:05 PM       4     22.92      0.00     18.75      0.00      0.00     58.33
11:09:05 PM       5      0.00      0.00      0.00      0.00      0.00    100.00
11:09:05 PM       6      0.00      0.00      1.00      0.00      0.00     99.00
11:09:05 PM       7      0.00      0.00      0.00      0.00      0.00    100.00
11:09:05 PM       8      0.00      0.00      0.00      0.00      0.00    100.00
11:09:05 PM       9     74.75      0.00      5.05      0.00      0.00     20.20
11:09:05 PM      10     56.00      0.00      3.00      0.00      0.00     41.00
11:09:05 PM      11     62.89      0.00      3.09      0.00      0.00     34.02
11:09:05 PM      12     59.00      0.00      4.00      0.00      0.00     37.00
11:09:05 PM      13     61.86      0.00      5.15      0.00      0.00     32.99
11:09:05 PM      14     53.47      0.00      5.94      0.00      0.00     40.59
11:09:05 PM      15      0.00      0.00      0.00      0.00      0.00    100.00

11:09:05 PM     CPU     %user     %nice   %system   %iowait    %steal     %idle
11:09:06 PM       0     34.38      0.00     18.75      0.00      0.00     46.88
11:09:06 PM       1     38.54      0.00     14.58      0.00      0.00     46.88
11:09:06 PM       2     40.40      0.00     19.19      0.00      0.00     40.40
11:09:06 PM       3     35.92      0.00     20.39      0.00      0.00     43.69
11:09:06 PM       4     28.28      0.00     17.17      0.00      0.00     54.55
11:09:06 PM       5      0.00      0.00      0.00      0.00      0.00    100.00
11:09:06 PM       6      0.00      0.00      0.00      0.00      0.00    100.00
11:09:06 PM       7      0.00      0.00      1.00      0.00      0.00     99.00
11:09:06 PM       8      0.00      0.00      0.00      0.00      0.00    100.00
11:09:06 PM       9     43.75      0.00      5.21      0.00      0.00     51.04
11:09:06 PM      10     42.86      0.00      6.67      0.00      0.00     50.48
11:09:06 PM      11     45.45      0.00      2.02      0.00      0.00     52.53
11:09:06 PM      12     45.92      0.00      3.06      0.00      0.00     51.02
11:09:06 PM      13     60.40      0.00      2.97      0.00      0.00     36.63
11:09:06 PM      14     51.61      0.00      2.15      0.00      0.00     46.24
11:09:06 PM      15      0.00      0.00      0.00      0.00      0.00    100.00

11:09:06 PM     CPU     %user     %nice   %system   %iowait    %steal     %idle
11:09:07 PM       0     32.99      0.00     20.62      0.00      0.00     46.39
11:09:07 PM       1     34.34      0.00     17.17      0.00      0.00     48.48
11:09:07 PM       2     39.42      0.00     24.04      0.00      0.00     36.54
11:09:07 PM       3     35.64      0.00     21.78      0.00      0.00     42.57
11:09:07 PM       4     31.13      0.00     18.87      0.00      0.00     50.00
11:09:07 PM       5      0.00      0.00      0.00      0.00      0.00    100.00
11:09:07 PM       6      0.00      0.00      2.00      0.00      0.00     98.00
11:09:07 PM       7      0.00      0.00      1.00      0.00      0.00     99.00
11:09:07 PM       8      0.00      0.00      0.00      0.00      0.00    100.00
11:09:07 PM       9     43.88      0.00      5.10      0.00      0.00     51.02
11:09:07 PM      10     44.90      0.00      3.06      0.00      0.00     52.04
11:09:07 PM      11     52.94      0.00      4.90      0.00      0.00     42.16
11:09:07 PM      12     47.57      0.00      5.83      0.00      0.00     46.60
11:09:07 PM      13     38.14      0.00      5.15      0.00      0.00     56.70
11:09:07 PM      14     64.71      0.00      3.92      0.00      0.00     31.37
11:09:07 PM      15      0.99      0.00      0.00      0.00      0.00     99.01

11:09:07 PM     CPU     %user     %nice   %system   %iowait    %steal     %idle
11:09:08 PM       0     37.62      0.00     20.79      0.00      0.00     41.58
11:09:08 PM       1     32.65      0.00     19.39      0.00      0.00     47.96
11:09:08 PM       2     40.21      0.00     21.65      0.00      0.00     38.14
11:09:08 PM       3     38.38      0.00     17.17      0.00      0.00     44.44
11:09:08 PM       4     28.28      0.00     17.17      0.00      0.00     54.55
11:09:08 PM       5      0.00      0.00      0.00      0.00      0.00    100.00
11:09:08 PM       6      0.00      0.00      1.00      0.00      0.00     99.00
11:09:08 PM       7      0.00      0.00      0.00      0.00      0.00    100.00
11:09:08 PM       8      0.00      0.00      0.00      0.00      0.00    100.00
11:09:08 PM       9     46.88      0.00      3.12      0.00      0.00     50.00
11:09:08 PM      10     54.90      0.00      3.92      0.00      0.00     41.18
11:09:08 PM      11     57.28      0.00      2.91      0.00      0.00     39.81
11:09:08 PM      12     57.28      0.00      4.85      0.00      0.00     37.86
11:09:08 PM      13     57.28      0.00      4.85      0.00      0.00     37.86
11:09:08 PM      14     47.57      0.00      6.80      0.00      0.00     45.63
11:09:08 PM      15      0.00      0.00      0.00      0.00      0.00    100.00

11:09:08 PM     CPU     %user     %nice   %system   %iowait    %steal     %idle
11:09:09 PM       0     36.84      0.00     20.00      0.00      0.00     43.16
11:09:09 PM       1     37.76      0.00     14.29      0.00      0.00     47.96
11:09:09 PM       2     42.42      0.00     19.19      0.00      0.00     38.38
11:09:09 PM       3     29.47      0.00     24.21      0.00      0.00     46.32
11:09:09 PM       4     30.21      0.00     14.58      0.00      0.00     55.21
11:09:09 PM       5      0.00      0.00      0.00      0.00      0.00    100.00
11:09:09 PM       6      0.00      0.00      2.00      0.00      0.00     98.00
11:09:09 PM       7      0.00      0.00      0.00      0.00      0.00    100.00
11:09:09 PM       8      0.00      0.00      0.00      0.00      0.00    100.00
11:09:09 PM       9     38.83      0.00      7.77      0.00      0.00     53.40
11:09:09 PM      10     50.49      0.00      8.74      0.00      0.00     40.78
11:09:09 PM      11     43.43      0.00      7.07      0.00      0.00     49.49
11:09:09 PM      12     44.44      0.00      8.08      0.00      0.00     47.47
11:09:09 PM      13     34.34      0.00      6.06      0.00      0.00     59.60
11:09:09 PM      14     41.00      0.00      8.00      0.00      0.00     51.00
11:09:09 PM      15      0.00      0.00      0.00      0.00      0.00    100.00

11:09:09 PM     CPU     %user     %nice   %system   %iowait    %steal     %idle
11:09:10 PM       0     39.80      0.00     18.37      0.00      0.00     41.84
11:09:10 PM       1     34.65      0.00     18.81      0.00      0.00     46.53
11:09:10 PM       2     39.60      0.00     22.77      0.00      0.00     37.62
11:09:10 PM       3     33.67      0.00     22.45      0.00      0.00     43.88
11:09:10 PM       4     29.59      0.00     16.33      0.00      0.00     54.08
11:09:10 PM       5      0.00      0.00      0.00      0.00      0.00    100.00
11:09:10 PM       6      0.00      0.00      0.00      0.00      0.00    100.00
11:09:10 PM       7      0.00      0.00      0.00      0.00      0.00    100.00
11:09:10 PM       8      0.00      0.00      0.00      0.00      0.00    100.00
11:09:10 PM       9     40.59      0.00      5.94      0.00      0.00     53.47
11:09:10 PM      10     42.42      0.00      4.04      0.00      0.00     53.54
11:09:10 PM      11     50.98      0.00      6.86      0.00      0.00     42.16
11:09:10 PM      12     45.54      0.00      2.97      0.00      0.00     51.49
11:09:10 PM      13     52.94      0.00      4.90      0.00      0.00     42.16
11:09:10 PM      14     42.00      0.00      3.00      0.00      0.00     55.00
11:09:10 PM      15      0.00      0.00      0.00      0.00      0.00    100.00

11:09:10 PM     CPU     %user     %nice   %system   %iowait    %steal     %idle
11:09:11 PM       0     38.14      0.00     21.65      0.00      0.00     40.21
11:09:11 PM       1     36.73      0.00     17.35      0.00      0.00     45.92
11:09:11 PM       2     41.51      0.00     25.47      0.00      0.00     33.02
11:09:11 PM       3     39.60      0.00     17.82      0.00      0.00     42.57
11:09:11 PM       4     26.14      0.00     13.64      0.00      0.00     60.23
11:09:11 PM       5      0.00      0.00      0.00      0.00      0.00    100.00
11:09:11 PM       6      0.00      0.00      1.98      0.00      0.00     98.02
11:09:11 PM       7      0.00      0.00      0.99      0.00      0.00     99.01
11:09:11 PM       8      0.00      0.00      0.00      0.00      0.00    100.00
11:09:11 PM       9     64.29      0.00      2.04      0.00      0.00     33.67
11:09:11 PM      10     53.61      0.00      4.12      0.00      0.00     42.27
11:09:11 PM      11     61.17      0.00      5.83      0.00      0.00     33.01
11:09:11 PM      12     72.92      0.00      2.08      0.00      0.00     25.00
11:09:11 PM      13     53.54      0.00      6.06      0.00      0.00     40.40
11:09:11 PM      14     60.40      0.00      4.95      0.00      0.00     34.65
11:09:11 PM      15      0.00      0.00      0.00      0.00      0.00    100.00

11:09:11 PM     CPU     %user     %nice   %system   %iowait    %steal     %idle
11:09:12 PM       0     26.26      0.00     17.17      0.00      0.00     56.57
11:09:12 PM       1     25.26      0.00     12.63      0.00      0.00     62.11
11:09:12 PM       2     32.67      0.00     14.85      0.00      0.00     52.48
11:09:12 PM       3     28.85      0.00     14.42      0.00      0.00     56.73
11:09:12 PM       4     21.78      0.00     11.88      0.00      0.00     66.34
11:09:12 PM       5      0.00      0.00      0.00      0.00      0.00    100.00
11:09:12 PM       6      0.00      0.00      0.00      0.00      0.00    100.00
11:09:12 PM       7      0.00      0.00      0.00      0.00      0.00    100.00
11:09:12 PM       8      0.00      0.00      0.00      0.00      0.00    100.00
11:09:12 PM       9     32.00      0.00      5.00      0.00      0.00     63.00
11:09:12 PM      10     48.00      0.00      2.00      0.00      0.00     50.00
11:09:12 PM      11     49.49      0.00      6.06      0.00      0.00     44.44
11:09:12 PM      12     35.35      0.00      3.03      0.00      0.00     61.62
11:09:12 PM      13     24.24      0.00      4.04      0.00      0.00     71.72
11:09:12 PM      14     41.00      0.00      5.00      0.00      0.00     54.00
11:09:12 PM      15      0.00      0.00      0.00      0.00      0.00    100.00

11:09:12 PM     CPU     %user     %nice   %system   %iowait    %steal     %idle
11:09:13 PM       0     31.63      0.00     15.31      0.00      0.00     53.06
11:09:13 PM       1     30.69      0.00     15.84      0.00      0.00     53.47
11:09:13 PM       2     26.73      0.00     17.82      0.00      0.00     55.45
11:09:13 PM       3     28.57      0.00     14.29      0.00      0.00     57.14
11:09:13 PM       4     24.24      0.00     11.11      0.00      0.00     64.65
11:09:13 PM       5      0.00      0.00      0.00      0.00      0.00    100.00
11:09:13 PM       6      0.00      0.00      1.98      0.00      0.00     98.02
11:09:13 PM       7      0.00      0.00      0.00      0.00      0.00    100.00
11:09:13 PM       8      0.00      0.00      0.00      0.00      0.00    100.00
11:09:13 PM       9     34.31      0.00      4.90      0.00      0.00     60.78
11:09:13 PM      10     27.45      0.00      2.94      0.00      0.00     69.61
11:09:13 PM      11     30.30      0.00      7.07      0.00      0.00     62.63
11:09:13 PM      12     24.04      0.00      8.65      0.00      0.00     67.31
11:09:13 PM      13     33.66      0.00      5.94      0.00      0.00     60.40
11:09:13 PM      14     27.00      0.00      5.00      0.00      0.00     68.00
11:09:13 PM      15      0.00      0.00      0.00      0.00      0.00    100.00

11:09:13 PM     CPU     %user     %nice   %system   %iowait    %steal     %idle
11:09:14 PM       0     38.24      0.00     22.55      0.00      0.00     39.22
11:09:14 PM       1     40.21      0.00     21.65      0.00      0.00     38.14
11:09:14 PM       2     34.65      0.00     21.78      0.00      0.00     43.56
11:09:14 PM       3     39.00      0.00     18.00      0.00      0.00     43.00
11:09:14 PM       4     30.61      0.00     15.31      0.00      0.00     54.08
11:09:14 PM       5      0.00      0.00      0.00      0.00      0.00    100.00
11:09:14 PM       6      0.00      0.00      0.00      0.00      0.00    100.00
11:09:14 PM       7      0.00      0.00      0.00      0.00      0.00    100.00
11:09:14 PM       8      0.00      0.00      0.00      0.00      0.00    100.00
11:09:14 PM       9     40.20      0.00      5.88      0.00      0.00     53.92
11:09:14 PM      10     61.22      0.00      3.06      0.00      0.00     35.71
11:09:14 PM      11     36.73      0.00      4.08      0.00      0.00     59.18
11:09:14 PM      12     54.08      0.00      5.10      0.00      0.00     40.82
11:09:14 PM      13     77.55      0.00      2.04      0.00      0.00     20.41
11:09:14 PM      14     59.60      0.00      3.03      0.00      0.00     37.37
11:09:14 PM      15      0.99      0.00      0.00      0.00      0.00     99.01

11:09:14 PM     CPU     %user     %nice   %system   %iowait    %steal     %idle
11:09:15 PM       0     36.36      0.00     25.25      0.00      0.00     38.38
11:09:15 PM       1     46.53      0.00     19.80      0.00      0.00     33.66
11:09:15 PM       2     31.31      0.00     27.27      0.00      0.00     41.41
11:09:15 PM       3     40.82      0.00     18.37      0.00      0.00     40.82
11:09:15 PM       4     28.57      0.00     18.37      0.00      0.00     53.06
11:09:15 PM       5      0.00      0.00      0.00      0.00      0.00    100.00
11:09:15 PM       6      0.00      0.00      1.00      0.00      0.00     99.00
11:09:15 PM       7      0.00      0.00      0.00      0.00      0.00    100.00
11:09:15 PM       8      0.00      0.00      0.00      0.00      0.00    100.00
11:09:15 PM       9     95.00      0.00      5.00      0.00      0.00      0.00
11:09:15 PM      10     27.00      0.00      5.00      0.00      0.00     68.00
11:09:15 PM      11     38.00      0.00      4.00      0.00      0.00     58.00
11:09:15 PM      12     35.64      0.00      3.96      0.00      0.00     60.40
11:09:15 PM      13     42.27      0.00      4.12      0.00      0.00     53.61
11:09:15 PM      14     28.16      0.00      5.83      0.00      0.00     66.02
11:09:15 PM      15      0.00      0.00      0.99      0.00      0.00     99.01

11:09:15 PM     CPU     %user     %nice   %system   %iowait    %steal     %idle
11:09:16 PM       0      6.86      0.00      3.92      0.00      0.00     89.22
11:09:16 PM       1      9.80      0.00      2.94      0.00      0.00     87.25
11:09:16 PM       2      7.00      0.00      2.00      0.00      0.00     91.00
11:09:16 PM       3      6.00      0.00      3.00      0.00      0.00     91.00
11:09:16 PM       4      5.00      0.00      2.00      0.00      0.00     93.00
11:09:16 PM       5      0.00      0.00      0.00      0.00      0.00    100.00
11:09:16 PM       6      0.00      0.00      0.00      0.00      0.00    100.00
11:09:16 PM       7      0.00      0.00      0.00      0.00      0.00    100.00
11:09:16 PM       8      0.00      0.00      0.00      0.00      0.00    100.00
11:09:16 PM       9     21.00      0.00      1.00      0.00      0.00     78.00
11:09:16 PM      10      3.92      0.00      0.98      0.00      0.00     95.10
11:09:16 PM      11      3.96      0.00      0.99      0.00      0.00     95.05
11:09:16 PM      12      8.91      0.00      0.00      0.00      0.00     91.09
11:09:16 PM      13      3.00      0.00      1.00      0.00      0.00     96.00
11:09:16 PM      14      3.00      0.00      1.00      0.00      0.00     96.00
11:09:16 PM      15      0.00      0.00      0.00      0.00      0.00    100.00

11:09:16 PM     CPU     %user     %nice   %system   %iowait    %steal     %idle
11:09:17 PM       0      6.32      0.00      5.26      0.00      0.00     88.42
11:09:17 PM       1     12.87      0.00      4.95      0.00      0.00     82.18
11:09:17 PM       2      9.00      0.00      6.00      0.00      0.00     85.00
11:09:17 PM       3      9.38      0.00      2.08      0.00      0.00     88.54
11:09:17 PM       4      4.12      0.00      5.15      0.00      0.00     90.72
11:09:17 PM       5      0.00      0.00      0.00      0.00      0.00    100.00
11:09:17 PM       6      0.00      0.00      0.00      0.00      0.00    100.00
11:09:17 PM       7      0.00      0.00      0.00      0.00      0.00    100.00
11:09:17 PM       8      0.00      0.00      0.00      0.00      0.00    100.00
11:09:17 PM       9     13.86      0.00      1.98      0.00      0.00     84.16
11:09:17 PM      10      7.92      0.00      0.99      0.00      0.00     91.09
11:09:17 PM      11      8.00      0.00      1.00      0.00      0.00     91.00
11:09:17 PM      12      6.86      0.00      2.94      0.00      0.00     90.20
11:09:17 PM      13     16.83      0.00      0.99      0.00      0.00     82.18
11:09:17 PM      14      5.10      0.00      1.02      0.00      0.00     93.88
11:09:17 PM      15      2.00      0.00      0.00      0.00      0.00     98.00

11:09:17 PM     CPU     %user     %nice   %system   %iowait    %steal     %idle
11:09:18 PM       0     37.50      0.00     20.83      0.00      0.00     41.67
11:09:18 PM       1     43.75      0.00     23.96      0.00      0.00     32.29
11:09:18 PM       2     38.95      0.00     16.84      0.00      0.00     44.21
11:09:18 PM       3     40.95      0.00     20.00      0.00      0.00     39.05
11:09:18 PM       4     33.98      0.00     15.53      0.00      0.00     50.49
11:09:18 PM       5      0.00      0.00      0.00      0.00      0.00    100.00
11:09:18 PM       6      0.00      0.00      0.99      0.00      0.00     99.01
11:09:18 PM       7      0.00      0.00      0.00      0.00      0.00    100.00
11:09:18 PM       8      0.00      0.00      0.00      0.00      0.00    100.00
11:09:18 PM       9     50.00      0.00      6.00      0.00      0.00     44.00
11:09:18 PM      10     34.38      0.00      5.21      0.00      0.00     60.42
11:09:18 PM      11     39.39      0.00      4.04      0.00      0.00     56.57
11:09:18 PM      12     45.45      0.00      8.08      0.00      0.00     46.46
11:09:18 PM      13     44.90      0.00      6.12      0.00      0.00     48.98
11:09:18 PM      14     60.00      0.00      4.00      0.00      0.00     36.00
11:09:18 PM      15      0.00      0.00      0.00      0.00      0.00    100.00

11:09:18 PM     CPU     %user     %nice   %system   %iowait    %steal     %idle
11:09:19 PM       0     36.73      0.00     24.49      0.00      0.00     38.78
11:09:19 PM       1     47.47      0.00     22.22      0.00      0.00     30.30
11:09:19 PM       2     41.00      0.00     21.00      0.00      0.00     38.00
11:09:19 PM       3     38.78      0.00     21.43      0.00      0.00     39.80
11:09:19 PM       4     31.37      0.00     19.61      0.00      0.00     49.02
11:09:19 PM       5      0.00      0.00      0.00      0.00      0.00    100.00
11:09:19 PM       6      0.00      0.00      0.00      0.00      0.00    100.00
11:09:19 PM       7      0.00      0.00      0.00      0.00      0.00    100.00
11:09:19 PM       8      0.00      0.00      0.00      0.00      0.00    100.00
11:09:19 PM       9     26.00      0.00      4.00      0.00      0.00     70.00
11:09:19 PM      10     32.65      0.00      6.12      0.00      0.00     61.22
11:09:19 PM      11     94.00      0.00      6.00      0.00      0.00      0.00
11:09:19 PM      12     37.11      0.00      3.09      0.00      0.00     59.79
11:09:19 PM      13     93.00      0.00      7.00      0.00      0.00      0.00
11:09:19 PM      14     95.00      0.00      5.00      0.00      0.00      0.00
11:09:19 PM      15      0.00      0.00      0.00      0.00      0.00    100.00

11:09:19 PM     CPU     %user     %nice   %system   %iowait    %steal     %idle
11:09:20 PM       0     22.68      0.00     13.40      0.00      0.00     63.92
11:09:20 PM       1     23.23      0.00     17.17      0.00      0.00     59.60
11:09:20 PM       2     20.20      0.00     15.15      0.00      0.00     64.65
11:09:20 PM       3     22.22      0.00     14.14      0.00      0.00     63.64
11:09:20 PM       4     19.23      0.00     13.46      0.00      0.00     67.31
11:09:20 PM       5      0.00      0.00      0.00      0.00      0.00    100.00
11:09:20 PM       6      0.00      0.00      1.98      0.00      0.00     98.02
11:09:20 PM       7      0.00      0.00      0.00      0.00      0.00    100.00
11:09:20 PM       8      0.00      0.00      0.00      0.00      0.00    100.00
11:09:20 PM       9     29.00      0.00      5.00      0.00      0.00     66.00
11:09:20 PM      10     14.14      0.00      6.06      0.00      0.00     79.80
11:09:20 PM      11     31.00      0.00      3.00      0.00      0.00     66.00
11:09:20 PM      12     15.15      0.00      4.04      0.00      0.00     80.81
11:09:20 PM      13     28.57      0.00      3.06      0.00      0.00     68.37
11:09:20 PM      14     20.20      0.00      4.04      0.00      0.00     75.76
11:09:20 PM      15      0.00      0.00      0.00      0.00      0.00    100.00

11:09:20 PM     CPU     %user     %nice   %system   %iowait    %steal     %idle
11:09:21 PM       0     34.00      0.00     12.00      0.00      0.00     54.00
11:09:21 PM       1     35.29      0.00     16.67      0.00      0.00     48.04
11:09:21 PM       2     24.49      0.00     17.35      0.00      0.00     58.16
11:09:21 PM       3     29.47      0.00     12.63      0.00      0.00     57.89
11:09:21 PM       4     20.20      0.00     15.15      0.00      0.00     64.65
11:09:21 PM       5      0.00      0.00      0.00      0.00      0.00    100.00
11:09:21 PM       6      0.00      0.00      1.98      0.00      0.00     98.02
11:09:21 PM       7      0.00      0.00      0.00      0.00      0.00    100.00
11:09:21 PM       8      0.00      0.00      0.00      0.00      0.00    100.00
11:09:21 PM       9     33.67      0.00      4.08      0.00      0.00     62.24
11:09:21 PM      10     40.21      0.00      3.09      0.00      0.00     56.70
11:09:21 PM      11     24.74      0.00      4.12      0.00      0.00     71.13
11:09:21 PM      12     16.83      0.00      5.94      0.00      0.00     77.23
11:09:21 PM      13     56.44      0.00      4.95      0.00      0.00     38.61
11:09:21 PM      14     42.16      0.00      4.90      0.00      0.00     52.94
11:09:21 PM      15      0.00      0.00      0.00      0.00      0.00    100.00

11:09:21 PM     CPU     %user     %nice   %system   %iowait    %steal     %idle
11:09:22 PM       0     38.38      0.00     24.24      0.00      0.00     37.37
11:09:22 PM       1     43.75      0.00     22.92      0.00      0.00     33.33
11:09:22 PM       2     37.11      0.00     22.68      0.00      0.00     40.21
11:09:22 PM       3     37.50      0.00     21.88      0.00      0.00     40.62
11:09:22 PM       4     33.67      0.00     15.31      0.00      0.00     51.02
11:09:22 PM       5      0.00      0.00      0.00      0.00      0.00    100.00
11:09:22 PM       6      0.00      0.00      0.00      0.00      0.00    100.00
11:09:22 PM       7      0.00      0.00      0.00      0.00      0.00    100.00
11:09:22 PM       8      0.00      0.00      0.00      0.00      0.00    100.00
11:09:22 PM       9     19.19      0.00      7.07      0.00      0.00     73.74
11:09:22 PM      10     90.10      0.00      3.96      0.00      0.00      5.94
11:09:22 PM      11     28.28      0.00      5.05      0.00      0.00     66.67
11:09:22 PM      12     45.10      0.00      7.84      0.00      0.00     47.06
11:09:22 PM      13     25.74      0.00      4.95      0.00      0.00     69.31
11:09:22 PM      14     26.21      0.00      5.83      0.00      0.00     67.96
11:09:22 PM      15      0.00      0.00      0.00      0.00      0.00    100.00

11:09:22 PM     CPU     %user     %nice   %system   %iowait    %steal     %idle
11:09:23 PM       0     37.11      0.00     19.59      0.00      0.00     43.30
11:09:23 PM       1     42.57      0.00     22.77      0.00      0.00     34.65
11:09:23 PM       2     35.71      0.00     19.39      0.00      0.00     44.90
11:09:23 PM       3     37.62      0.00     18.81      0.00      0.00     43.56
11:09:23 PM       4     28.28      0.00     17.17      0.00      0.00     54.55
11:09:23 PM       5      0.00      0.00      0.00      0.00      0.00    100.00
11:09:23 PM       6      0.00      0.00      2.00      0.00      0.00     98.00
11:09:23 PM       7      0.00      0.00      0.00      0.00      0.00    100.00
11:09:23 PM       8      0.00      0.00      0.00      0.00      0.00    100.00
11:09:23 PM       9     36.36      0.00      8.08      0.00      0.00     55.56
11:09:23 PM      10     31.68      0.00      6.93      0.00      0.00     61.39
11:09:23 PM      11     36.73      0.00      6.12      0.00      0.00     57.14
11:09:23 PM      12     26.73      0.00      6.93      0.00      0.00     66.34
11:09:23 PM      13     36.36      0.00      8.08      0.00      0.00     55.56
11:09:23 PM      14     37.25      0.00      6.86      0.00      0.00     55.88
11:09:23 PM      15      1.00      0.00      0.00      0.00      0.00     99.00

11:09:23 PM     CPU     %user     %nice   %system   %iowait    %steal     %idle
11:09:24 PM       0      4.85      0.00      6.80      0.00      0.00     88.35
11:09:24 PM       1      6.86      0.00      4.90      0.00      0.00     88.24
11:09:24 PM       2      5.10      0.00      2.04      0.00      0.00     92.86
11:09:24 PM       3      5.10      0.00      2.04      0.00      0.00     92.86
11:09:24 PM       4      4.90      0.00      4.90      0.00      0.00     90.20
11:09:24 PM       5      0.00      0.00      0.00      0.00      0.00    100.00
11:09:24 PM       6      0.00      0.00      0.00      0.00      0.00    100.00
11:09:24 PM       7      0.00      0.00      0.00      0.00      0.00    100.00
11:09:24 PM       8      0.00      0.00      0.00      0.00      0.00    100.00
11:09:24 PM       9     22.00      0.00      0.00      0.00      0.00     78.00
11:09:24 PM      10      2.02      0.00      1.01      0.00      0.00     96.97
11:09:24 PM      11     12.00      0.00      0.00      0.00      0.00     88.00
11:09:24 PM      12      2.02      0.00      0.00      0.00      0.00     97.98
11:09:24 PM      13     19.00      0.00      1.00      0.00      0.00     80.00
11:09:24 PM      14      5.05      0.00      0.00      0.00      0.00     94.95
11:09:24 PM      15      0.00      0.00      0.00      0.00      0.00    100.00

11:09:24 PM     CPU     %user     %nice   %system   %iowait    %steal     %idle
11:09:25 PM       0     11.00      0.00      7.00      0.00      0.00     82.00
11:09:25 PM       1     13.00      0.00      7.00      0.00      0.00     80.00
11:09:25 PM       2     11.00      0.00      6.00      0.00      0.00     83.00
11:09:25 PM       3      9.09      0.00      7.07      0.00      0.00     83.84
11:09:25 PM       4      9.09      0.00      4.04      0.00      0.00     86.87
11:09:25 PM       5      0.00      0.00      0.00      0.00      0.00    100.00
11:09:25 PM       6      0.00      0.00      0.00      0.00      0.00    100.00
11:09:25 PM       7      0.00      0.00      0.00      0.00      0.00    100.00
11:09:25 PM       8      0.00      0.00      0.00      0.00      0.00    100.00
11:09:25 PM       9      5.05      0.00      2.02      0.00      0.00     92.93
11:09:25 PM      10      7.92      0.00      2.97      0.00      0.00     89.11
11:09:25 PM      11     16.33      0.00      0.00      0.00      0.00     83.67
11:09:25 PM      12      7.00      0.00      2.00      0.00      0.00     91.00
11:09:25 PM      13      5.05      0.00      1.01      0.00      0.00     93.94
11:09:25 PM      14     13.13      0.00      1.01      0.00      0.00     85.86
11:09:25 PM      15      0.00      0.00      1.00      0.00      0.00     99.00

11:09:25 PM     CPU     %user     %nice   %system   %iowait    %steal     %idle
11:09:26 PM       0     38.78      0.00     23.47      0.00      0.00     37.76
11:09:26 PM       1     47.47      0.00     22.22      0.00      0.00     30.30
11:09:26 PM       2     40.78      0.00     22.33      0.00      0.00     36.89
11:09:26 PM       3     43.30      0.00     16.49      0.00      0.00     40.21
11:09:26 PM       4     29.90      0.00     18.56      0.00      0.00     51.55
11:09:26 PM       5      0.00      0.00      0.00      0.00      0.00    100.00
11:09:26 PM       6      0.00      0.00      1.01      0.00      0.00     98.99
11:09:26 PM       7      0.00      0.00      0.00      0.00      0.00    100.00
11:09:26 PM       8      0.00      0.00      0.00      0.00      0.00    100.00
11:09:26 PM       9     39.22      0.00      5.88      0.00      0.00     54.90
11:09:26 PM      10     29.70      0.00      6.93      0.00      0.00     63.37
11:09:26 PM      11     28.71      0.00      5.94      0.00      0.00     65.35
11:09:26 PM      12     50.49      0.00      5.83      0.00      0.00     43.69
11:09:26 PM      13     33.96      0.00      6.60      0.00      0.00     59.43
11:09:26 PM      14     33.66      0.00      3.96      0.00      0.00     62.38
11:09:26 PM      15      0.00      0.00      0.00      0.00      0.00    100.00

11:09:26 PM     CPU     %user     %nice   %system   %iowait    %steal     %idle
11:09:27 PM       0     21.90      0.00     11.43      0.00      0.00     66.67
11:09:27 PM       1     21.21      0.00      9.09      0.00      0.00     69.70
11:09:27 PM       2     16.33      0.00     11.22      0.00      0.00     72.45
11:09:27 PM       3     19.59      0.00      8.25      0.00      0.00     72.16
11:09:27 PM       4     16.00      0.00     10.00      0.00      0.00     74.00
11:09:27 PM       5      0.00      0.00      0.00      0.00      0.00    100.00
11:09:27 PM       6      0.00      0.00      0.00      0.00      0.00    100.00
11:09:27 PM       7      0.00      0.00      0.00      0.00      0.00    100.00
11:09:27 PM       8      0.00      0.00      0.00      0.00      0.00    100.00
11:09:27 PM       9      5.00      0.00      4.00      0.00      0.00     91.00
11:09:27 PM      10     34.31      0.00      6.86      0.00      0.00     58.82
11:09:27 PM      11     11.88      0.00      4.95      0.00      0.00     83.17
11:09:27 PM      12     31.63      0.00      6.12      0.00      0.00     62.24
11:09:27 PM      13      5.05      0.00      4.04      0.00      0.00     90.91
11:09:27 PM      14     18.75      0.00      6.25      0.00      0.00     75.00
11:09:27 PM      15      1.00      0.00      0.00      0.00      0.00     99.00

11:09:27 PM     CPU     %user     %nice   %system   %iowait    %steal     %idle
11:09:28 PM       0      0.00      0.00      0.00      0.00      0.00    100.00
11:09:28 PM       1      0.00      0.00      0.00      0.00      0.00    100.00
11:09:28 PM       2      0.00      0.00      0.00      0.00      0.00    100.00
11:09:28 PM       3      0.00      0.00      0.00      0.00      0.00    100.00
11:09:28 PM       4      0.00      0.00      0.00      0.00      0.00    100.00
11:09:28 PM       5      0.00      0.00      0.00      0.00      0.00    100.00
11:09:28 PM       6      0.00      0.00      0.00      0.00      0.00    100.00
11:09:28 PM       7      0.00      0.00      0.00      0.00      0.00    100.00
11:09:28 PM       8      0.00      0.00      0.00      0.00      0.00    100.00
11:09:28 PM       9      0.00      0.00      0.00      0.00      0.00    100.00
11:09:28 PM      10      0.00      0.00      0.00      0.00      0.00    100.00
11:09:28 PM      11      0.00      0.00      0.00      0.00      0.00    100.00
11:09:28 PM      12      0.00      0.00      0.00      0.00      0.00    100.00
11:09:28 PM      13      0.00      0.00      0.00      0.00      0.00    100.00
11:09:28 PM      14      0.00      0.00      0.00      0.00      0.00    100.00
11:09:28 PM      15      0.00      0.00      0.00      0.00      0.00    100.00

11:09:28 PM     CPU     %user     %nice   %system   %iowait    %steal     %idle
11:09:29 PM       0      0.00      0.00      0.00      0.00      0.00    100.00
11:09:29 PM       1      0.99      0.00      0.00      0.00      0.00     99.01
11:09:29 PM       2      0.00      0.00      0.00      0.00      0.00    100.00
11:09:29 PM       3      0.00      0.00      0.00      0.00      0.00    100.00
11:09:29 PM       4      0.00      0.00      0.00      0.00      0.00    100.00
11:09:29 PM       5      0.00      0.00      0.00      0.00      0.00    100.00
11:09:29 PM       6      0.00      0.00      0.00      0.00      0.00    100.00
11:09:29 PM       7      0.00      0.00      0.00      0.00      0.00    100.00
11:09:29 PM       8      1.00      0.00      0.00      0.00      0.00     99.00
11:09:29 PM       9      0.00      0.00      0.00      0.00      0.00    100.00
11:09:29 PM      10      0.00      0.00      0.00      0.00      0.00    100.00
11:09:29 PM      11      0.00      0.00      0.00      0.00      0.00    100.00
11:09:29 PM      12      0.00      0.00      0.00      0.00      0.00    100.00
11:09:29 PM      13      0.00      0.00      0.00      0.00      0.00    100.00
11:09:29 PM      14      0.00      0.00      0.00      0.00      0.00    100.00
11:09:29 PM      15      0.00      0.00      0.00      0.00      0.00    100.00

11:09:29 PM     CPU     %user     %nice   %system   %iowait    %steal     %idle
11:09:30 PM       0      0.00      0.00      0.00      0.00      0.00    100.00
11:09:30 PM       1      0.00      0.00      0.00      0.00      0.00    100.00
11:09:30 PM       2      0.00      0.00      0.00      0.00      0.00    100.00
11:09:30 PM       3      0.00      0.00      0.00      0.00      0.00    100.00
11:09:30 PM       4      0.00      0.00      0.00      0.00      0.00    100.00
11:09:30 PM       5      0.00      0.00      0.00      0.00      0.00    100.00
11:09:30 PM       6      0.00      0.00      0.00      0.00      0.00    100.00
11:09:30 PM       7      0.00      0.00      0.00      0.00      0.00    100.00
11:09:30 PM       8      0.00      0.00      0.00      0.00      0.00    100.00
11:09:30 PM       9      0.00      0.00      0.00      0.00      0.00    100.00
11:09:30 PM      10      0.00      0.00      0.00      0.00      0.00    100.00
11:09:30 PM      11      0.00      0.00      0.00      0.00      0.00    100.00
11:09:30 PM      12      0.00      0.00      0.00      0.00      0.00    100.00
11:09:30 PM      13      0.00      0.00      0.00      0.00      0.00    100.00
11:09:30 PM      14      0.00      0.00      0.00      0.00      0.00    100.00
11:09:30 PM      15      0.00      0.00      0.00      0.00      0.00    100.00

11:09:30 PM     CPU     %user     %nice   %system   %iowait    %steal     %idle
11:09:31 PM       0      0.00      0.00      0.00      0.00      0.00    100.00
11:09:31 PM       1      0.00      0.00      0.99      0.00      0.00     99.01
11:09:31 PM       2      0.99      0.00      0.00      0.00      0.00     99.01
11:09:31 PM       3      0.00      0.00      0.00      0.00      0.00    100.00
11:09:31 PM       4      0.00      0.00      0.00      0.00      0.00    100.00
11:09:31 PM       5      0.00      0.00      0.00      0.00      0.00    100.00
11:09:31 PM       6      0.00      0.00      0.00      0.00      0.00    100.00
11:09:31 PM       7      0.00      0.00      0.00      0.00      0.00    100.00
11:09:31 PM       8      0.00      0.00      0.00      0.00      0.00    100.00
11:09:31 PM       9      0.00      0.00      0.00      0.00      0.00    100.00
11:09:31 PM      10      0.00      0.00      0.00      0.00      0.00    100.00
11:09:31 PM      11      0.00      0.00      0.00      0.00      0.00    100.00
11:09:31 PM      12      0.00      0.00      0.00      0.00      0.00    100.00
11:09:31 PM      13      0.00      0.00      0.00      0.00      0.00    100.00
11:09:31 PM      14      0.00      0.00      0.00      0.00      0.00    100.00
11:09:31 PM      15      1.00      0.00      0.00      0.00      0.00     99.00

11:09:31 PM     CPU     %user     %nice   %system   %iowait    %steal     %idle
11:09:32 PM       0      0.00      0.00      0.00      0.00      0.00    100.00
11:09:32 PM       1      0.00      0.00      0.00      0.00      0.00    100.00
11:09:32 PM       2      0.00      0.00      0.00      0.00      0.00    100.00
11:09:32 PM       3      0.00      0.00      0.00      0.00      0.00    100.00
11:09:32 PM       4      0.00      0.00      0.00      0.00      0.00    100.00
11:09:32 PM       5      0.00      0.00      0.00      0.00      0.00    100.00
11:09:32 PM       6      0.00      0.00      0.00      0.00      0.00    100.00
11:09:32 PM       7      0.00      0.00      0.00      0.00      0.00    100.00
11:09:32 PM       8      0.00      0.00      0.00      0.00      0.00    100.00
11:09:32 PM       9      0.00      0.00      0.00      0.00      0.00    100.00
11:09:32 PM      10      0.00      0.00      0.00      0.00      0.00    100.00
11:09:32 PM      11      0.00      0.00      0.00      0.00      0.00    100.00
11:09:32 PM      12      0.00      0.00      0.00      0.00      0.00    100.00
11:09:32 PM      13      0.00      0.00      0.00      0.00      0.00    100.00
11:09:32 PM      14      0.00      0.00      0.00      0.00      0.00    100.00
11:09:32 PM      15      0.00      0.00      0.00      0.00      0.00    100.00

11:09:32 PM     CPU     %user     %nice   %system   %iowait    %steal     %idle
11:09:33 PM       0      0.00      0.00      0.00      0.00      0.00    100.00
11:09:33 PM       1      0.00      0.00      0.00      0.00      0.00    100.00
11:09:33 PM       2      0.00      0.00      0.00      0.00      0.00    100.00
11:09:33 PM       3      0.00      0.00      0.00      0.00      0.00    100.00
11:09:33 PM       4      0.00      0.00      0.00      0.00      0.00    100.00
11:09:33 PM       5      0.00      0.00      0.00      0.00      0.00    100.00
11:09:33 PM       6      0.00      0.00      0.99      0.00      0.00     99.01
11:09:33 PM       7      0.00      0.00      0.00      0.00      0.00    100.00
11:09:33 PM       8      0.00      0.00      0.00      0.00      0.00    100.00
11:09:33 PM       9      0.00      0.00      0.00      0.00      0.00    100.00
11:09:33 PM      10      0.00      0.00      0.00      0.00      0.00    100.00
11:09:33 PM      11      0.00      0.00      0.00      0.00      0.00    100.00
11:09:33 PM      12      0.00      0.00      0.00      0.00      0.00    100.00
11:09:33 PM      13      0.00      0.00      0.00      0.00      0.00    100.00
11:09:33 PM      14      0.00      0.00      0.00      0.00      0.00    100.00
11:09:33 PM      15      0.00      0.00      0.00      0.00      0.00    100.00

Average:        CPU     %user     %nice   %system   %iowait    %steal     %idle
Average:          0     23.56      0.00     13.49      0.00      0.00     62.95
Average:          1     25.51      0.00     12.56      0.00      0.00     61.93
Average:          2     24.16      0.00     13.56      0.00      0.00     62.28
Average:          3     23.74      0.00     12.56      0.00      0.00     63.70
Average:          4     19.22      0.00     10.84      0.00      0.00     69.94
Average:          5      0.00      0.00      0.03      0.00      0.00     99.97
Average:          6      0.00      0.00      0.67      0.00      0.00     99.33
Average:          7      0.14      0.00      0.28      0.00      0.00     99.58
Average:          8      0.03      0.00      0.00      0.00      0.00     99.97
Average:          9     39.98      0.00      3.96      0.00      0.00     56.06
Average:         10     40.11      0.00      3.81      0.00      0.00     56.09
Average:         11     40.75      0.00      3.54      0.00      0.00     55.71
Average:         12     39.02      0.00      3.94      0.00      0.00     57.04
Average:         13     41.83      0.00      3.70      0.00      0.00     54.47
Average:         14     40.99      0.00      3.78      0.00      0.00     55.23
Average:         15      0.28      0.00      0.06      0.00      0.00     99.67
