Linux 4.15.0-33-generic (themistocles) 	05/10/2019 	_x86_64_	(32 CPU)

11:16:51 PM kbmemfree   kbavail kbmemused  %memused kbbuffers  kbcached  kbcommit   %commit  kbactive   kbinact   kbdirty
11:16:52 PM  40489680  61639792  25372752     38.52    506088  20121400  14397612     10.83  15482160   7857188       772
11:16:53 PM  40090768  61240884  25771664     39.13    506088  20121408  14645844     11.02  15881616   7857192       936
11:16:54 PM  39855820  61005944  26006612     39.49    506088  20121408  14698260     11.06  16116160   7857200       936
11:16:55 PM  39757764  60907888  26104668     39.64    506088  20121408  14698260     11.06  16214808   7857200       912
11:16:56 PM  39676228  60826352  26186204     39.76    506088  20121408  14698260     11.06  16295500   7857200      1024
11:16:57 PM  39635224  60785348  26227208     39.82    506088  20121408  14698260     11.06  16336576   7857200      1024
11:16:58 PM  39563860  60713984  26298572     39.93    506088  20121408  14698260     11.06  16408272   7857200      1040
11:16:59 PM  39493400  60643524  26369032     40.04    506088  20121408  14698260     11.06  16479900   7857200      1060
11:17:00 PM  39429092  60579216  26433340     40.13    506088  20121408  14698260     11.06  16544244   7857200      1020
11:17:01 PM  39359304  60509428  26503128     40.24    506088  20121408  14702476     11.06  16612492   7857200      2300
11:17:02 PM  39316428  60466552  26546004     40.31    506088  20121412  14702476     11.06  16655540   7857200      2592
11:17:03 PM  39249664  60399788  26612768     40.41    506088  20121412  14702476     11.06  16721696   7857200      2656
11:17:04 PM  39183900  60334024  26678532     40.51    506088  20121412  14702476     11.06  16787364   7857200      2656
11:17:05 PM  39115936  60266060  26746496     40.61    506088  20121416  14702476     11.06  16855732   7857200      2712
11:17:06 PM  39086308  60236432  26776124     40.65    506088  20121416  14702476     11.06  16885920   7857200      2712
11:17:07 PM  39034956  60185080  26827476     40.73    506088  20121416  14702476     11.06  16937240   7857200      2712
11:17:08 PM  38965404  60115528  26897028     40.84    506088  20121420  14702476     11.06  17006604   7857200      2716
11:17:09 PM  38897148  60047272  26965284     40.94    506088  20121420  14702476     11.06  17073764   7857200      2756
11:17:10 PM  38883224  60033348  26979208     40.96    506088  20121420  14702476     11.06  17088820   7857200      2748
11:17:11 PM  38815568  59965692  27046864     41.07    506088  20121420  14702476     11.06  17156832   7857200      2748
11:17:12 PM  38741844  59891968  27120588     41.18    506088  20121420  14702476     11.06  17229676   7857200      2792
11:17:13 PM  38675360  59825484  27187072     41.28    506088  20121420  14702476     11.06  17296684   7857200      2800
11:17:14 PM  38657664  59807788  27204768     41.31    506088  20121420  14702476     11.06  17314160   7857200      2800
11:17:15 PM  38592652  59742776  27269780     41.40    506088  20121420  14702476     11.06  17379540   7857200      2820
11:17:16 PM  38525040  59675164  27337392     41.51    506088  20121420  14702476     11.06  17446708   7857200      2848
11:17:17 PM  38482352  59632476  27380080     41.57    506088  20121420  14702476     11.06  17489096   7857200      2848
11:17:18 PM  38482516  59632640  27379916     41.57    506088  20121420  14702476     11.06  17489320   7857200      2848
11:17:19 PM  38447144  59597268  27415288     41.63    506088  20121420  14702476     11.06  17524524   7857200      2856
11:17:20 PM  39614956  60764984  26247476     39.85    506088  20121324  11352036      8.54  16359492   7857104      2780
11:17:21 PM  40802384  61952316  25060048     38.05    506088  20121228   8001988      6.02  15174516   7857008      1508
11:17:22 PM  40803508  61953440  25058924     38.05    506088  20121228   8001988      6.02  15173812   7857008      1876
11:17:23 PM  40803992  61953924  25058440     38.05    506088  20121228   8001988      6.02  15174076   7857008      1876
Average:     39329034  60479136  26533398     40.29    506088  20121394  13957385     10.50  16643526   7857178      2146
