Linux 4.15.0-33-generic (themistocles) 	05/10/2019 	_x86_64_	(32 CPU)

11:14:27 PM     CPU     %user     %nice   %system   %iowait    %steal     %idle
11:14:28 PM       0      0.00      0.00      0.00      0.00      0.00    100.00
11:14:28 PM       1      0.00      0.00      0.00      0.00      0.00    100.00
11:14:28 PM       2      0.00      0.00      0.99      0.00      0.00     99.01
11:14:28 PM       3      0.00      0.00      0.00      0.00      0.00    100.00
11:14:28 PM       4      0.00      0.00      0.00      0.00      0.00    100.00
11:14:28 PM       5      0.00      0.00      0.00      0.00      0.00    100.00
11:14:28 PM       6      0.00      0.00      0.00      0.00      0.00    100.00
11:14:28 PM       7      0.00      0.00      0.00      0.00      0.00    100.00
11:14:28 PM       8      0.00      0.00      0.00      0.00      0.00    100.00
11:14:28 PM       9     90.00      0.00      6.00      0.00      0.00      4.00
11:14:28 PM      10     91.00      0.00      5.00      0.00      0.00      4.00
11:14:28 PM      11     89.00      0.00      7.00      0.00      0.00      4.00
11:14:28 PM      12     90.91      0.00      5.05      0.00      0.00      4.04
11:14:28 PM      13     90.91      0.00      5.05      0.00      0.00      4.04
11:14:28 PM      14     89.00      0.00      7.00      0.00      0.00      4.00
11:14:28 PM      15      0.00      0.00      0.00      0.00      0.00    100.00

11:14:28 PM     CPU     %user     %nice   %system   %iowait    %steal     %idle
11:14:29 PM       0     14.14      0.00      5.05      0.00      0.00     80.81
11:14:29 PM       1     19.00      0.00      8.00      0.00      0.00     73.00
11:14:29 PM       2     12.00      0.00      6.00      0.00      0.00     82.00
11:14:29 PM       3     11.00      0.00      7.00      0.00      0.00     82.00
11:14:29 PM       4     12.00      0.00      6.00      0.00      0.00     82.00
11:14:29 PM       5      0.00      0.00      0.00      0.00      0.00    100.00
11:14:29 PM       6      4.04      0.00      2.02      0.00      0.00     93.94
11:14:29 PM       7      0.00      0.00      0.00      0.00      0.00    100.00
11:14:29 PM       8      0.00      0.00      0.00      0.00      0.00    100.00
11:14:29 PM       9     83.17      0.00     10.89      0.00      0.00      5.94
11:14:29 PM      10     86.87      0.00      6.06      0.00      0.00      7.07
11:14:29 PM      11     87.00      0.00      6.00      0.00      0.00      7.00
11:14:29 PM      12     85.00      0.00      9.00      0.00      0.00      6.00
11:14:29 PM      13     88.00      0.00      6.00      0.00      0.00      6.00
11:14:29 PM      14     86.00      0.00      8.00      0.00      0.00      6.00
11:14:29 PM      15      3.00      0.00      1.00      0.00      0.00     96.00

11:14:29 PM     CPU     %user     %nice   %system   %iowait    %steal     %idle
11:14:30 PM       0     21.43      0.00     15.31      0.00      0.00     63.27
11:14:30 PM       1     26.92      0.00     12.50      0.00      0.00     60.58
11:14:30 PM       2     22.92      0.00     10.42      0.00      0.00     66.67
11:14:30 PM       3     21.05      0.00     12.63      0.00      0.00     66.32
11:14:30 PM       4     15.22      0.00      8.70      0.00      0.00     76.09
11:14:30 PM       5      0.00      0.00      1.01      0.00      0.00     98.99
11:14:30 PM       6      4.17      0.00      6.25      0.00      0.00     89.58
11:14:30 PM       7      0.00      0.00      0.00      0.00      0.00    100.00
11:14:30 PM       8      0.00      0.00      0.00      0.00      0.00    100.00
11:14:30 PM       9     93.94      0.00      6.06      0.00      0.00      0.00
11:14:30 PM      10     95.05      0.00      4.95      0.00      0.00      0.00
11:14:30 PM      11     98.00      0.00      2.00      0.00      0.00      0.00
11:14:30 PM      12     94.00      0.00      6.00      0.00      0.00      0.00
11:14:30 PM      13     93.07      0.00      6.93      0.00      0.00      0.00
11:14:30 PM      14     94.95      0.00      5.05      0.00      0.00      0.00
11:14:30 PM      15      0.00      0.00      0.00      0.00      0.00    100.00

11:14:30 PM     CPU     %user     %nice   %system   %iowait    %steal     %idle
11:14:31 PM       0     33.67      0.00     16.33      0.00      0.00     50.00
11:14:31 PM       1     32.99      0.00     12.37      0.00      0.00     54.64
11:14:31 PM       2     29.59      0.00     15.31      0.00      0.00     55.10
11:14:31 PM       3     31.63      0.00     15.31      0.00      0.00     53.06
11:14:31 PM       4     24.75      0.00     13.86      0.00      0.00     61.39
11:14:31 PM       5      0.00      0.00      1.00      0.00      0.00     99.00
11:14:31 PM       6      4.85      0.00      6.80      0.00      0.00     88.35
11:14:31 PM       7      0.00      0.00      0.00      0.00      0.00    100.00
11:14:31 PM       8      0.00      0.00      0.00      0.00      0.00    100.00
11:14:31 PM       9     97.00      0.00      3.00      0.00      0.00      0.00
11:14:31 PM      10     93.94      0.00      6.06      0.00      0.00      0.00
11:14:31 PM      11     95.96      0.00      4.04      0.00      0.00      0.00
11:14:31 PM      12     97.98      0.00      2.02      0.00      0.00      0.00
11:14:31 PM      13     97.00      0.00      3.00      0.00      0.00      0.00
11:14:31 PM      14     93.07      0.00      6.93      0.00      0.00      0.00
11:14:31 PM      15      0.00      0.00      0.00      0.00      0.00    100.00

11:14:31 PM     CPU     %user     %nice   %system   %iowait    %steal     %idle
11:14:32 PM       0     38.10      0.00     20.95      0.00      0.00     40.95
11:14:32 PM       1     39.58      0.00     11.46      0.00      0.00     48.96
11:14:32 PM       2     29.79      0.00     15.96      0.00      0.00     54.26
11:14:32 PM       3     29.90      0.00     17.53      0.00      0.00     52.58
11:14:32 PM       4     23.76      0.00     18.81      0.00      0.00     57.43
11:14:32 PM       5      0.00      0.00      1.00      0.00      0.00     99.00
11:14:32 PM       6      0.00      0.00      1.01      0.00      0.00     98.99
11:14:32 PM       7      0.00      0.00      0.00      0.00      0.00    100.00
11:14:32 PM       8      0.00      0.00      0.00      0.00      0.00    100.00
11:14:32 PM       9     92.00      0.00      6.00      0.00      0.00      2.00
11:14:32 PM      10     93.00      0.00      5.00      0.00      0.00      2.00
11:14:32 PM      11     94.12      0.00      4.90      0.00      0.00      0.98
11:14:32 PM      12     96.00      0.00      4.00      0.00      0.00      0.00
11:14:32 PM      13     92.86      0.00      7.14      0.00      0.00      0.00
11:14:32 PM      14     94.00      0.00      6.00      0.00      0.00      0.00
11:14:32 PM      15      0.00      0.00      0.00      0.00      0.00    100.00

11:14:32 PM     CPU     %user     %nice   %system   %iowait    %steal     %idle
11:14:33 PM       0     35.35      0.00     23.23      0.00      0.00     41.41
11:14:33 PM       1     39.22      0.00     22.55      0.00      0.00     38.24
11:14:33 PM       2     31.37      0.00     23.53      0.00      0.00     45.10
11:14:33 PM       3     35.11      0.00     15.96      0.00      0.00     48.94
11:14:33 PM       4     32.69      0.00     14.42      0.00      0.00     52.88
11:14:33 PM       5      0.00      0.00      0.00      0.00      0.00    100.00
11:14:33 PM       6      0.00      0.00      1.00      0.00      0.00     99.00
11:14:33 PM       7      0.00      0.00      0.00      0.00      0.00    100.00
11:14:33 PM       8      0.00      0.00      0.00      0.00      0.00    100.00
11:14:33 PM       9     85.00      0.00      5.00      0.00      0.00     10.00
11:14:33 PM      10     83.17      0.00      6.93      0.00      0.00      9.90
11:14:33 PM      11     85.71      0.00      4.08      0.00      0.00     10.20
11:14:33 PM      12     86.14      0.00      4.95      0.00      0.00      8.91
11:14:33 PM      13     91.00      0.00      6.00      0.00      0.00      3.00
11:14:33 PM      14     89.90      0.00      3.03      0.00      0.00      7.07
11:14:33 PM      15      0.00      0.00      0.00      0.00      0.00    100.00

11:14:33 PM     CPU     %user     %nice   %system   %iowait    %steal     %idle
11:14:34 PM       0     40.57      0.00     19.81      0.00      0.00     39.62
11:14:34 PM       1     42.45      0.00     21.70      0.00      0.00     35.85
11:14:34 PM       2     36.36      0.00     17.17      0.00      0.00     46.46
11:14:34 PM       3     33.68      0.00     17.89      0.00      0.00     48.42
11:14:34 PM       4     27.08      0.00     17.71      0.00      0.00     55.21
11:14:34 PM       5      0.00      0.00      0.00      0.00      0.00    100.00
11:14:34 PM       6      0.00      0.00      1.00      0.00      0.00     99.00
11:14:34 PM       7      0.00      0.00      0.00      0.00      0.00    100.00
11:14:34 PM       8      0.00      0.00      0.00      0.00      0.00    100.00
11:14:34 PM       9     41.24      0.00      4.12      0.00      0.00     54.64
11:14:34 PM      10     53.54      0.00      4.04      0.00      0.00     42.42
11:14:34 PM      11     57.58      0.00      6.06      0.00      0.00     36.36
11:14:34 PM      12     43.00      0.00      7.00      0.00      0.00     50.00
11:14:34 PM      13     72.28      0.00      4.95      0.00      0.00     22.77
11:14:34 PM      14     69.00      0.00      7.00      0.00      0.00     24.00
11:14:34 PM      15      0.00      0.00      0.00      0.00      0.00    100.00

11:14:34 PM     CPU     %user     %nice   %system   %iowait    %steal     %idle
11:14:35 PM       0     36.08      0.00     19.59      0.00      0.00     44.33
11:14:35 PM       1     38.14      0.00     21.65      0.00      0.00     40.21
11:14:35 PM       2     36.00      0.00     16.00      0.00      0.00     48.00
11:14:35 PM       3     36.54      0.00     19.23      0.00      0.00     44.23
11:14:35 PM       4     25.25      0.00     20.20      0.00      0.00     54.55
11:14:35 PM       5      0.00      0.00      0.00      0.00      0.00    100.00
11:14:35 PM       6      0.00      0.00      0.00      0.00      0.00    100.00
11:14:35 PM       7      0.00      0.00      0.00      0.00      0.00    100.00
11:14:35 PM       8      0.00      0.00      0.00      0.00      0.00    100.00
11:14:35 PM       9     56.00      0.00      6.00      0.00      0.00     38.00
11:14:35 PM      10     59.18      0.00      4.08      0.00      0.00     36.73
11:14:35 PM      11     59.79      0.00      4.12      0.00      0.00     36.08
11:14:35 PM      12     65.05      0.00      5.83      0.00      0.00     29.13
11:14:35 PM      13     61.76      0.00      4.90      0.00      0.00     33.33
11:14:35 PM      14     50.98      0.00      4.90      0.00      0.00     44.12
11:14:35 PM      15      0.00      0.00      0.00      0.00      0.00    100.00

11:14:35 PM     CPU     %user     %nice   %system   %iowait    %steal     %idle
11:14:36 PM       0     37.62      0.00     20.79      0.00      0.00     41.58
11:14:36 PM       1     38.00      0.00     20.00      0.00      0.00     42.00
11:14:36 PM       2     38.46      0.00     19.23      0.00      0.00     42.31
11:14:36 PM       3     34.74      0.00     18.95      0.00      0.00     46.32
11:14:36 PM       4     26.04      0.00     17.71      0.00      0.00     56.25
11:14:36 PM       5      0.00      0.00      0.00      0.00      0.00    100.00
11:14:36 PM       6      0.00      0.00      0.00      0.00      0.00    100.00
11:14:36 PM       7      0.00      0.00      0.00      0.00      0.00    100.00
11:14:36 PM       8      0.00      0.00      0.00      0.00      0.00    100.00
11:14:36 PM       9     50.50      0.00      3.96      0.00      0.00     45.54
11:14:36 PM      10     48.04      0.00      4.90      0.00      0.00     47.06
11:14:36 PM      11     56.86      0.00      4.90      0.00      0.00     38.24
11:14:36 PM      12     55.10      0.00      3.06      0.00      0.00     41.84
11:14:36 PM      13     54.74      0.00      4.21      0.00      0.00     41.05
11:14:36 PM      14     50.51      0.00      6.06      0.00      0.00     43.43
11:14:36 PM      15      0.00      0.00      0.00      0.00      0.00    100.00

11:14:36 PM     CPU     %user     %nice   %system   %iowait    %steal     %idle
11:14:37 PM       0     37.11      0.00     21.65      0.00      0.00     41.24
11:14:37 PM       1     32.65      0.00     22.45      0.00      0.00     44.90
11:14:37 PM       2     40.78      0.00     16.50      0.00      0.00     42.72
11:14:37 PM       3     36.00      0.00     21.00      0.00      0.00     43.00
11:14:37 PM       4     31.37      0.00     18.63      0.00      0.00     50.00
11:14:37 PM       5      0.00      0.00      1.01      0.00      0.00     98.99
11:14:37 PM       6      0.00      0.00      0.00      0.00      0.00    100.00
11:14:37 PM       7      0.00      0.00      0.00      0.00      0.00    100.00
11:14:37 PM       8      0.00      0.00      0.00      0.00      0.00    100.00
11:14:37 PM       9     62.24      0.00      4.08      0.00      0.00     33.67
11:14:37 PM      10     45.83      0.00      5.21      0.00      0.00     48.96
11:14:37 PM      11     64.65      0.00      4.04      0.00      0.00     31.31
11:14:37 PM      12     57.00      0.00      5.00      0.00      0.00     38.00
11:14:37 PM      13     48.48      0.00      6.06      0.00      0.00     45.45
11:14:37 PM      14     55.77      0.00      2.88      0.00      0.00     41.35
11:14:37 PM      15      0.00      0.00      1.00      0.00      0.00     99.00

11:14:37 PM     CPU     %user     %nice   %system   %iowait    %steal     %idle
11:14:38 PM       0     40.38      0.00     21.15      0.00      0.00     38.46
11:14:38 PM       1     35.05      0.00     22.68      0.00      0.00     42.27
11:14:38 PM       2     39.58      0.00     18.75      0.00      0.00     41.67
11:14:38 PM       3     36.89      0.00     23.30      0.00      0.00     39.81
11:14:38 PM       4     35.71      0.00     15.31      0.00      0.00     48.98
11:14:38 PM       5      0.00      0.00      0.00      0.00      0.00    100.00
11:14:38 PM       6      0.00      0.00      0.00      0.00      0.00    100.00
11:14:38 PM       7      0.00      0.00      0.00      0.00      0.00    100.00
11:14:38 PM       8      0.00      0.00      0.00      0.00      0.00    100.00
11:14:38 PM       9     55.10      0.00      3.06      0.00      0.00     41.84
11:14:38 PM      10     56.44      0.00      4.95      0.00      0.00     38.61
11:14:38 PM      11     49.02      0.00      5.88      0.00      0.00     45.10
11:14:38 PM      12     57.58      0.00      4.04      0.00      0.00     38.38
11:14:38 PM      13     66.67      0.00      7.07      0.00      0.00     26.26
11:14:38 PM      14     50.00      0.00      6.12      0.00      0.00     43.88
11:14:38 PM      15      0.99      0.00      0.00      0.00      0.00     99.01

11:14:38 PM     CPU     %user     %nice   %system   %iowait    %steal     %idle
11:14:39 PM       0     37.37      0.00     21.21      0.00      0.00     41.41
11:14:39 PM       1     37.76      0.00     17.35      0.00      0.00     44.90
11:14:39 PM       2     33.68      0.00     20.00      0.00      0.00     46.32
11:14:39 PM       3     39.39      0.00     17.17      0.00      0.00     43.43
11:14:39 PM       4     30.61      0.00     16.33      0.00      0.00     53.06
11:14:39 PM       5      0.00      0.00      0.00      0.00      0.00    100.00
11:14:39 PM       6      0.00      0.00      0.00      0.00      0.00    100.00
11:14:39 PM       7      0.00      0.00      0.00      0.00      0.00    100.00
11:14:39 PM       8      0.00      0.00      0.00      0.00      0.00    100.00
11:14:39 PM       9     55.00      0.00      6.00      0.00      0.00     39.00
11:14:39 PM      10     42.42      0.00      3.03      0.00      0.00     54.55
11:14:39 PM      11     47.00      0.00      6.00      0.00      0.00     47.00
11:14:39 PM      12     39.18      0.00      4.12      0.00      0.00     56.70
11:14:39 PM      13     58.00      0.00      4.00      0.00      0.00     38.00
11:14:39 PM      14     54.00      0.00      4.00      0.00      0.00     42.00
11:14:39 PM      15      3.03      0.00      0.00      0.00      0.00     96.97

11:14:39 PM     CPU     %user     %nice   %system   %iowait    %steal     %idle
11:14:40 PM       0     36.63      0.00     24.75      0.00      0.00     38.61
11:14:40 PM       1     39.81      0.00     20.39      0.00      0.00     39.81
11:14:40 PM       2     40.40      0.00     16.16      0.00      0.00     43.43
11:14:40 PM       3     36.08      0.00     19.59      0.00      0.00     44.33
11:14:40 PM       4     32.32      0.00     15.15      0.00      0.00     52.53
11:14:40 PM       5      6.06      0.00      6.06      0.00      0.00     87.88
11:14:40 PM       6      0.00      0.00      0.00      0.00      0.00    100.00
11:14:40 PM       7      0.00      0.00      0.00      0.00      0.00    100.00
11:14:40 PM       8      0.00      0.00      0.00      0.00      0.00    100.00
11:14:40 PM       9     44.44      0.00      4.04      0.00      0.00     51.52
11:14:40 PM      10     41.75      0.00      6.80      0.00      0.00     51.46
11:14:40 PM      11     39.58      0.00      5.21      0.00      0.00     55.21
11:14:40 PM      12     46.94      0.00      7.14      0.00      0.00     45.92
11:14:40 PM      13     42.16      0.00      5.88      0.00      0.00     51.96
11:14:40 PM      14     46.53      0.00      6.93      0.00      0.00     46.53
11:14:40 PM      15      0.00      0.00      0.00      0.00      0.00    100.00

11:14:40 PM     CPU     %user     %nice   %system   %iowait    %steal     %idle
11:14:41 PM       0     39.00      0.00     22.00      0.00      0.00     39.00
11:14:41 PM       1     42.11      0.00     21.05      0.00      0.00     36.84
11:14:41 PM       2     39.39      0.00     18.18      0.00      0.00     42.42
11:14:41 PM       3     37.62      0.00     21.78      0.00      0.00     40.59
11:14:41 PM       4     29.70      0.00     18.81      0.00      0.00     51.49
11:14:41 PM       5      0.00      0.00      0.00      0.00      0.00    100.00
11:14:41 PM       6      0.00      0.00      1.00      0.00      0.00     99.00
11:14:41 PM       7      0.00      0.00      0.00      0.00      0.00    100.00
11:14:41 PM       8      0.00      0.00      0.00      0.00      0.00    100.00
11:14:41 PM       9     72.28      0.00      2.97      0.00      0.00     24.75
11:14:41 PM      10     49.00      0.00      8.00      0.00      0.00     43.00
11:14:41 PM      11     64.65      0.00      7.07      0.00      0.00     28.28
11:14:41 PM      12     72.73      0.00      5.05      0.00      0.00     22.22
11:14:41 PM      13     45.92      0.00      6.12      0.00      0.00     47.96
11:14:41 PM      14     50.00      0.00      4.00      0.00      0.00     46.00
11:14:41 PM      15      0.00      0.00      0.00      0.00      0.00    100.00

11:14:41 PM     CPU     %user     %nice   %system   %iowait    %steal     %idle
11:14:42 PM       0     35.29      0.00     24.51      0.00      0.00     40.20
11:14:42 PM       1     43.30      0.00     21.65      0.00      0.00     35.05
11:14:42 PM       2     36.73      0.00     20.41      0.00      0.00     42.86
11:14:42 PM       3     36.27      0.00     22.55      0.00      0.00     41.18
11:14:42 PM       4     32.67      0.00     17.82      0.00      0.00     49.50
11:14:42 PM       5      0.00      0.00      1.98      0.00      0.00     98.02
11:14:42 PM       6      0.00      0.00      0.00      0.00      0.00    100.00
11:14:42 PM       7      0.00      0.00      0.00      0.00      0.00    100.00
11:14:42 PM       8      0.00      0.00      0.00      0.00      0.00    100.00
11:14:42 PM       9     41.84      0.00      5.10      0.00      0.00     53.06
11:14:42 PM      10     46.53      0.00      4.95      0.00      0.00     48.51
11:14:42 PM      11     50.50      0.00      5.94      0.00      0.00     43.56
11:14:42 PM      12     61.00      0.00      4.00      0.00      0.00     35.00
11:14:42 PM      13     40.21      0.00      5.15      0.00      0.00     54.64
11:14:42 PM      14     34.95      0.00      5.83      0.00      0.00     59.22
11:14:42 PM      15      0.00      0.00      0.00      0.00      0.00    100.00

11:14:42 PM     CPU     %user     %nice   %system   %iowait    %steal     %idle
11:14:43 PM       0     26.73      0.00     13.86      0.00      0.00     59.41
11:14:43 PM       1     34.31      0.00     10.78      0.00      0.00     54.90
11:14:43 PM       2     29.00      0.00      9.00      0.00      0.00     62.00
11:14:43 PM       3     23.53      0.00     15.69      0.00      0.00     60.78
11:14:43 PM       4     21.43      0.00      9.18      0.00      0.00     69.39
11:14:43 PM       5      0.00      0.00      0.00      0.00      0.00    100.00
11:14:43 PM       6      0.00      0.00      1.01      0.00      0.00     98.99
11:14:43 PM       7      0.00      0.00      0.00      0.00      0.00    100.00
11:14:43 PM       8      0.00      0.00      0.00      0.00      0.00    100.00
11:14:43 PM       9     30.30      0.00      4.04      0.00      0.00     65.66
11:14:43 PM      10     50.52      0.00      2.06      0.00      0.00     47.42
11:14:43 PM      11     44.44      0.00      2.02      0.00      0.00     53.54
11:14:43 PM      12     35.35      0.00      6.06      0.00      0.00     58.59
11:14:43 PM      13     39.60      0.00      2.97      0.00      0.00     57.43
11:14:43 PM      14     24.49      0.00      4.08      0.00      0.00     71.43
11:14:43 PM      15      0.00      0.00      0.00      0.00      0.00    100.00

11:14:43 PM     CPU     %user     %nice   %system   %iowait    %steal     %idle
11:14:44 PM       0      0.00      0.00      0.00      0.00      0.00    100.00
11:14:44 PM       1      0.00      0.00      0.00      0.00      0.00    100.00
11:14:44 PM       2      0.00      0.00      0.00      0.00      0.00    100.00
11:14:44 PM       3      0.00      0.00      0.00      0.00      0.00    100.00
11:14:44 PM       4      0.00      0.00      0.00      0.00      0.00    100.00
11:14:44 PM       5      0.00      0.00      0.00      0.00      0.00    100.00
11:14:44 PM       6      0.00      0.00      0.00      0.00      0.00    100.00
11:14:44 PM       7      0.00      0.00      0.00      0.00      0.00    100.00
11:14:44 PM       8      0.00      0.00      0.00      0.00      0.00    100.00
11:14:44 PM       9      0.00      0.00      0.00      0.00      0.00    100.00
11:14:44 PM      10      0.00      0.00      0.00      0.00      0.00    100.00
11:14:44 PM      11      0.00      0.00      0.99      0.00      0.00     99.01
11:14:44 PM      12      0.00      0.00      0.00      0.00      0.00    100.00
11:14:44 PM      13      0.99      0.00      0.00      0.00      0.00     99.01
11:14:44 PM      14      0.00      0.00      0.00      0.00      0.00    100.00
11:14:44 PM      15      0.00      0.00      0.00      0.00      0.00    100.00

11:14:44 PM     CPU     %user     %nice   %system   %iowait    %steal     %idle
11:14:45 PM       0     24.00      0.00     14.00      0.00      0.00     62.00
11:14:45 PM       1     26.00      0.00     16.00      0.00      0.00     58.00
11:14:45 PM       2     21.43      0.00     13.27      0.00      0.00     65.31
11:14:45 PM       3     22.11      0.00     11.58      0.00      0.00     66.32
11:14:45 PM       4     19.80      0.00     10.89      0.00      0.00     69.31
11:14:45 PM       5      0.00      0.00      0.00      0.00      0.00    100.00
11:14:45 PM       6      0.00      0.00      1.00      0.00      0.00     99.00
11:14:45 PM       7      0.00      0.00      0.00      0.00      0.00    100.00
11:14:45 PM       8      0.00      0.00      0.00      0.00      0.00    100.00
11:14:45 PM       9     20.62      0.00      2.06      0.00      0.00     77.32
11:14:45 PM      10     27.72      0.00      3.96      0.00      0.00     68.32
11:14:45 PM      11     16.83      0.00      5.94      0.00      0.00     77.23
11:14:45 PM      12     25.00      0.00      4.00      0.00      0.00     71.00
11:14:45 PM      13     36.73      0.00      2.04      0.00      0.00     61.22
11:14:45 PM      14     15.15      0.00      4.04      0.00      0.00     80.81
11:14:45 PM      15      0.99      0.00      0.00      0.00      0.00     99.01

11:14:45 PM     CPU     %user     %nice   %system   %iowait    %steal     %idle
11:14:46 PM       0     40.38      0.00     21.15      0.00      0.00     38.46
11:14:46 PM       1     42.11      0.00     23.16      0.00      0.00     34.74
11:14:46 PM       2     38.38      0.00     18.18      0.00      0.00     43.43
11:14:46 PM       3     39.00      0.00     18.00      0.00      0.00     43.00
11:14:46 PM       4     28.00      0.00     19.00      0.00      0.00     53.00
11:14:46 PM       5      0.00      0.00      0.00      0.00      0.00    100.00
11:14:46 PM       6      0.00      0.00      1.98      0.00      0.00     98.02
11:14:46 PM       7      0.00      0.00      0.00      0.00      0.00    100.00
11:14:46 PM       8      0.00      0.00      0.00      0.00      0.00    100.00
11:14:46 PM       9     59.00      0.00      6.00      0.00      0.00     35.00
11:14:46 PM      10     35.24      0.00      6.67      0.00      0.00     58.10
11:14:46 PM      11     35.92      0.00      5.83      0.00      0.00     58.25
11:14:46 PM      12     96.00      0.00      4.00      0.00      0.00      0.00
11:14:46 PM      13     94.06      0.00      5.94      0.00      0.00      0.00
11:14:46 PM      14     46.46      0.00      6.06      0.00      0.00     47.47
11:14:46 PM      15      0.00      0.00      0.00      0.00      0.00    100.00

11:14:46 PM     CPU     %user     %nice   %system   %iowait    %steal     %idle
11:14:47 PM       0     42.27      0.00     19.59      0.00      0.00     38.14
11:14:47 PM       1     42.11      0.00     24.21      0.00      0.00     33.68
11:14:47 PM       2     36.63      0.00     22.77      0.00      0.00     40.59
11:14:47 PM       3     40.20      0.00     20.59      0.00      0.00     39.22
11:14:47 PM       4     28.87      0.00     16.49      0.00      0.00     54.64
11:14:47 PM       5      0.00      0.00      0.99      0.00      0.00     99.01
11:14:47 PM       6      0.00      0.00      0.00      0.00      0.00    100.00
11:14:47 PM       7      0.00      0.00      0.00      0.00      0.00    100.00
11:14:47 PM       8      0.00      0.00      0.00      0.00      0.00    100.00
11:14:47 PM       9     40.82      0.00      3.06      0.00      0.00     56.12
11:14:47 PM      10     42.00      0.00      5.00      0.00      0.00     53.00
11:14:47 PM      11     39.60      0.00      4.95      0.00      0.00     55.45
11:14:47 PM      12     59.00      0.00      4.00      0.00      0.00     37.00
11:14:47 PM      13     59.60      0.00      5.05      0.00      0.00     35.35
11:14:47 PM      14     38.78      0.00      7.14      0.00      0.00     54.08
11:14:47 PM      15      0.00      0.00      0.00      0.00      0.00    100.00

11:14:47 PM     CPU     %user     %nice   %system   %iowait    %steal     %idle
11:14:48 PM       0     17.48      0.00     12.62      0.00      0.00     69.90
11:14:48 PM       1     20.79      0.00     11.88      0.00      0.00     67.33
11:14:48 PM       2     19.80      0.00      8.91      0.00      0.00     71.29
11:14:48 PM       3     20.00      0.00      7.00      0.00      0.00     73.00
11:14:48 PM       4     14.00      0.00      9.00      0.00      0.00     77.00
11:14:48 PM       5      0.00      0.00      0.00      0.00      0.00    100.00
11:14:48 PM       6      0.00      0.00      0.00      0.00      0.00    100.00
11:14:48 PM       7      0.00      0.00      0.00      0.00      0.00    100.00
11:14:48 PM       8      0.00      0.00      0.00      0.00      0.00    100.00
11:14:48 PM       9     25.77      0.00      3.09      0.00      0.00     71.13
11:14:48 PM      10     10.31      0.00      3.09      0.00      0.00     86.60
11:14:48 PM      11     22.77      0.00      3.96      0.00      0.00     73.27
11:14:48 PM      12     26.80      0.00      2.06      0.00      0.00     71.13
11:14:48 PM      13     23.23      0.00      3.03      0.00      0.00     73.74
11:14:48 PM      14     11.22      0.00      4.08      0.00      0.00     84.69
11:14:48 PM      15      0.00      0.00      0.00      0.00      0.00    100.00

11:14:48 PM     CPU     %user     %nice   %system   %iowait    %steal     %idle
11:14:49 PM       0     38.04      0.00     20.65      0.00      0.00     41.30
11:14:49 PM       1     47.00      0.00     22.00      0.00      0.00     31.00
11:14:49 PM       2     41.58      0.00     18.81      0.00      0.00     39.60
11:14:49 PM       3     36.73      0.00     24.49      0.00      0.00     38.78
11:14:49 PM       4     29.29      0.00     18.18      0.00      0.00     52.53
11:14:49 PM       5      0.00      0.00      1.98      0.00      0.00     98.02
11:14:49 PM       6      0.00      0.00      0.00      0.00      0.00    100.00
11:14:49 PM       7      0.00      0.00      0.00      0.00      0.00    100.00
11:14:49 PM       8      0.00      0.00      0.00      0.00      0.00    100.00
11:14:49 PM       9     28.00      0.00      7.00      0.00      0.00     65.00
11:14:49 PM      10     76.53      0.00      4.08      0.00      0.00     19.39
11:14:49 PM      11     24.24      0.00      7.07      0.00      0.00     68.69
11:14:49 PM      12     29.70      0.00      4.95      0.00      0.00     65.35
11:14:49 PM      13     39.60      0.00      7.92      0.00      0.00     52.48
11:14:49 PM      14     31.68      0.00      4.95      0.00      0.00     63.37
11:14:49 PM      15      0.00      0.00      0.00      0.00      0.00    100.00

11:14:49 PM     CPU     %user     %nice   %system   %iowait    %steal     %idle
11:14:50 PM       0     40.21      0.00     18.56      0.00      0.00     41.24
11:14:50 PM       1     42.27      0.00     19.59      0.00      0.00     38.14
11:14:50 PM       2     37.89      0.00     16.84      0.00      0.00     45.26
11:14:50 PM       3     42.72      0.00     18.45      0.00      0.00     38.83
11:14:50 PM       4     29.29      0.00     18.18      0.00      0.00     52.53
11:14:50 PM       5      0.00      0.00      0.00      0.00      0.00    100.00
11:14:50 PM       6      0.00      0.00      0.00      0.00      0.00    100.00
11:14:50 PM       7      0.00      0.00      0.00      0.00      0.00    100.00
11:14:50 PM       8      0.00      0.00      0.00      0.00      0.00    100.00
11:14:50 PM       9     40.00      0.00      8.00      0.00      0.00     52.00
11:14:50 PM      10     40.20      0.00      2.94      0.00      0.00     56.86
11:14:50 PM      11     26.73      0.00      6.93      0.00      0.00     66.34
11:14:50 PM      12     30.53      0.00      7.37      0.00      0.00     62.11
11:14:50 PM      13     28.71      0.00      7.92      0.00      0.00     63.37
11:14:50 PM      14     35.00      0.00      7.00      0.00      0.00     58.00
11:14:50 PM      15      0.00      0.00      0.00      0.00      0.00    100.00

11:14:50 PM     CPU     %user     %nice   %system   %iowait    %steal     %idle
11:14:51 PM       0     35.35      0.00     12.12      0.00      0.00     52.53
11:14:51 PM       1     26.26      0.00     20.20      0.00      0.00     53.54
11:14:51 PM       2     30.48      0.00     20.00      0.00      0.00     49.52
11:14:51 PM       3     29.29      0.00     18.18      0.00      0.00     52.53
11:14:51 PM       4     25.51      0.00     12.24      0.00      0.00     62.24
11:14:51 PM       5      0.00      0.00      0.00      0.00      0.00    100.00
11:14:51 PM       6      0.00      0.00      0.00      0.00      0.00    100.00
11:14:51 PM       7      0.00      0.00      0.00      0.00      0.00    100.00
11:14:51 PM       8      0.00      0.00      0.00      0.00      0.00    100.00
11:14:51 PM       9     27.45      0.00      2.94      0.00      0.00     69.61
11:14:51 PM      10     22.77      0.00      3.96      0.00      0.00     73.27
11:14:51 PM      11     86.87      0.00      3.03      0.00      0.00     10.10
11:14:51 PM      12     26.67      0.00      3.81      0.00      0.00     69.52
11:14:51 PM      13     21.43      0.00      2.04      0.00      0.00     76.53
11:14:51 PM      14     18.37      0.00      4.08      0.00      0.00     77.55
11:14:51 PM      15      0.00      0.00      0.00      0.00      0.00    100.00

11:14:51 PM     CPU     %user     %nice   %system   %iowait    %steal     %idle
11:14:52 PM       0      0.00      0.00      0.00      0.00      0.00    100.00
11:14:52 PM       1      0.00      0.00      0.00      0.00      0.00    100.00
11:14:52 PM       2      0.00      0.00      0.00      0.00      0.00    100.00
11:14:52 PM       3      0.00      0.00      0.00      0.00      0.00    100.00
11:14:52 PM       4      0.00      0.00      0.00      0.00      0.00    100.00
11:14:52 PM       5      0.00      0.00      0.00      0.00      0.00    100.00
11:14:52 PM       6      0.00      0.00      0.00      0.00      0.00    100.00
11:14:52 PM       7      0.00      0.00      0.00      0.00      0.00    100.00
11:14:52 PM       8      0.00      0.00      0.00      0.00      0.00    100.00
11:14:52 PM       9      0.00      0.00      0.00      0.00      0.00    100.00
11:14:52 PM      10      0.00      0.00      0.00      0.00      0.00    100.00
11:14:52 PM      11      0.00      0.00      0.00      0.00      0.00    100.00
11:14:52 PM      12      0.00      0.00      0.00      0.00      0.00    100.00
11:14:52 PM      13      0.00      0.00      0.00      0.00      0.00    100.00
11:14:52 PM      14      0.00      0.00      0.00      0.00      0.00    100.00
11:14:52 PM      15      0.00      0.00      0.00      0.00      0.00    100.00

11:14:52 PM     CPU     %user     %nice   %system   %iowait    %steal     %idle
11:14:53 PM       0     20.20      0.00     15.15      0.00      0.00     64.65
11:14:53 PM       1     24.24      0.00     14.14      0.00      0.00     61.62
11:14:53 PM       2     20.41      0.00     14.29      0.00      0.00     65.31
11:14:53 PM       3     23.47      0.00     11.22      0.00      0.00     65.31
11:14:53 PM       4     17.17      0.00     11.11      0.00      0.00     71.72
11:14:53 PM       5      0.00      0.00      1.00      0.00      0.00     99.00
11:14:53 PM       6      0.00      0.00      0.00      0.00      0.00    100.00
11:14:53 PM       7      0.00      0.00      0.00      0.00      0.00    100.00
11:14:53 PM       8      0.00      0.00      0.00      0.00      0.00    100.00
11:14:53 PM       9     13.59      0.00      3.88      0.00      0.00     82.52
11:14:53 PM      10     45.36      0.00      2.06      0.00      0.00     52.58
11:14:53 PM      11      8.25      0.00      4.12      0.00      0.00     87.63
11:14:53 PM      12     13.13      0.00      2.02      0.00      0.00     84.85
11:14:53 PM      13     10.89      0.00      4.95      0.00      0.00     84.16
11:14:53 PM      14     13.73      0.00      2.94      0.00      0.00     83.33
11:14:53 PM      15      0.00      0.00      0.00      0.00      0.00    100.00

11:14:53 PM     CPU     %user     %nice   %system   %iowait    %steal     %idle
11:14:54 PM       0     36.63      0.00     20.79      0.00      0.00     42.57
11:14:54 PM       1     43.43      0.00     20.20      0.00      0.00     36.36
11:14:54 PM       2     32.98      0.00     23.40      0.00      0.00     43.62
11:14:54 PM       3     37.62      0.00     20.79      0.00      0.00     41.58
11:14:54 PM       4     29.17      0.00     13.54      0.00      0.00     57.29
11:14:54 PM       5      0.00      0.00      0.00      0.00      0.00    100.00
11:14:54 PM       6      0.00      0.00      2.00      0.00      0.00     98.00
11:14:54 PM       7      0.00      0.00      0.00      0.00      0.00    100.00
11:14:54 PM       8      0.00      0.00      0.00      0.00      0.00    100.00
11:14:54 PM       9     43.30      0.00      4.12      0.00      0.00     52.58
11:14:54 PM      10     23.53      0.00      7.84      0.00      0.00     68.63
11:14:54 PM      11     38.61      0.00      5.94      0.00      0.00     55.45
11:14:54 PM      12     26.00      0.00      6.00      0.00      0.00     68.00
11:14:54 PM      13     35.35      0.00      8.08      0.00      0.00     56.57
11:14:54 PM      14     26.00      0.00      7.00      0.00      0.00     67.00
11:14:54 PM      15      0.00      0.00      0.00      0.00      0.00    100.00

11:14:54 PM     CPU     %user     %nice   %system   %iowait    %steal     %idle
11:14:55 PM       0     35.11      0.00     22.34      0.00      0.00     42.55
11:14:55 PM       1     42.00      0.00     23.00      0.00      0.00     35.00
11:14:55 PM       2     40.21      0.00     18.56      0.00      0.00     41.24
11:14:55 PM       3     42.31      0.00     20.19      0.00      0.00     37.50
11:14:55 PM       4     26.80      0.00     19.59      0.00      0.00     53.61
11:14:55 PM       5      0.00      0.00      0.00      0.00      0.00    100.00
11:14:55 PM       6      0.00      0.00      0.00      0.00      0.00    100.00
11:14:55 PM       7      0.00      0.00      0.00      0.00      0.00    100.00
11:14:55 PM       8      0.00      0.00      0.00      0.00      0.00    100.00
11:14:55 PM       9     33.00      0.00      6.00      0.00      0.00     61.00
11:14:55 PM      10     37.37      0.00      5.05      0.00      0.00     57.58
11:14:55 PM      11     37.37      0.00      6.06      0.00      0.00     56.57
11:14:55 PM      12     45.54      0.00      3.96      0.00      0.00     50.50
11:14:55 PM      13     53.54      0.00      4.04      0.00      0.00     42.42
11:14:55 PM      14     38.38      0.00      5.05      0.00      0.00     56.57
11:14:55 PM      15      0.00      0.00      0.00      0.00      0.00    100.00

11:14:55 PM     CPU     %user     %nice   %system   %iowait    %steal     %idle
11:14:56 PM       0     36.27      0.00     12.75      0.00      0.00     50.98
11:14:56 PM       1     37.50      0.00     14.58      0.00      0.00     47.92
11:14:56 PM       2     29.41      0.00     21.57      0.00      0.00     49.02
11:14:56 PM       3     34.95      0.00     15.53      0.00      0.00     49.51
11:14:56 PM       4     16.84      0.00     17.89      0.00      0.00     65.26
11:14:56 PM       5      0.00      0.00      0.00      0.00      0.00    100.00
11:14:56 PM       6      0.00      0.00      0.00      0.00      0.00    100.00
11:14:56 PM       7      0.00      0.00      0.00      0.00      0.00    100.00
11:14:56 PM       8      0.00      0.00      0.00      0.00      0.00    100.00
11:14:56 PM       9     11.11      0.00      8.08      0.00      0.00     80.81
11:14:56 PM      10     30.61      0.00      7.14      0.00      0.00     62.24
11:14:56 PM      11     19.61      0.00      5.88      0.00      0.00     74.51
11:14:56 PM      12     41.84      0.00      5.10      0.00      0.00     53.06
11:14:56 PM      13     12.87      0.00      5.94      0.00      0.00     81.19
11:14:56 PM      14     50.98      0.00      4.90      0.00      0.00     44.12
11:14:56 PM      15      0.00      0.00      0.00      0.00      0.00    100.00

11:14:56 PM     CPU     %user     %nice   %system   %iowait    %steal     %idle
11:14:57 PM       0      1.98      0.00      0.00      0.00      0.00     98.02
11:14:57 PM       1      1.00      0.00      0.00      0.00      0.00     99.00
11:14:57 PM       2      0.00      0.00      0.00      0.00      0.00    100.00
11:14:57 PM       3      0.00      0.00      0.00      0.00      0.00    100.00
11:14:57 PM       4      1.98      0.00      0.00      0.00      0.00     98.02
11:14:57 PM       5      0.00      0.00      0.00      0.00      0.00    100.00
11:14:57 PM       6      0.00      0.00      0.00      0.00      0.00    100.00
11:14:57 PM       7      0.00      0.00      0.00      0.00      0.00    100.00
11:14:57 PM       8      0.00      0.00      0.00      0.00      0.00    100.00
11:14:57 PM       9      0.00      0.00      0.00      0.00      0.00    100.00
11:14:57 PM      10      4.04      0.00      2.02      0.00      0.00     93.94
11:14:57 PM      11      0.00      0.00      0.00      0.00      0.00    100.00
11:14:57 PM      12      0.00      0.00      3.00      0.00      0.00     97.00
11:14:57 PM      13      0.00      0.00      0.00      0.00      0.00    100.00
11:14:57 PM      14      0.00      0.00      2.00      0.00      0.00     98.00
11:14:57 PM      15      0.00      0.00      0.00      0.00      0.00    100.00

11:14:57 PM     CPU     %user     %nice   %system   %iowait    %steal     %idle
11:14:58 PM       0      0.00      0.00      0.00      0.00      0.00    100.00
11:14:58 PM       1      0.00      0.00      0.00      0.00      0.00    100.00
11:14:58 PM       2      0.00      0.00      0.00      0.00      0.00    100.00
11:14:58 PM       3      0.00      0.00      0.00      0.00      0.00    100.00
11:14:58 PM       4      0.00      0.00      0.00      0.00      0.00    100.00
11:14:58 PM       5      0.00      0.00      0.00      0.00      0.00    100.00
11:14:58 PM       6      0.00      0.00      0.00      0.00      0.00    100.00
11:14:58 PM       7      0.00      0.00      0.00      0.00      0.00    100.00
11:14:58 PM       8      0.00      0.00      0.00      0.00      0.00    100.00
11:14:58 PM       9      0.00      0.00      0.00      0.00      0.00    100.00
11:14:58 PM      10      0.00      0.00      0.00      0.00      0.00    100.00
11:14:58 PM      11      0.00      0.00      0.00      0.00      0.00    100.00
11:14:58 PM      12      0.00      0.00      0.00      0.00      0.00    100.00
11:14:58 PM      13      0.00      0.00      0.00      0.00      0.00    100.00
11:14:58 PM      14      0.00      0.00      0.00      0.00      0.00    100.00
11:14:58 PM      15      0.00      0.00      0.00      0.00      0.00    100.00

11:14:58 PM     CPU     %user     %nice   %system   %iowait    %steal     %idle
11:14:59 PM       0      1.00      0.00      0.00      0.00      0.00     99.00
11:14:59 PM       1      0.00      0.00      0.00      0.00      0.00    100.00
11:14:59 PM       2      0.00      0.00      0.00      0.00      0.00    100.00
11:14:59 PM       3      0.00      0.00      0.00      0.00      0.00    100.00
11:14:59 PM       4      0.00      0.00      0.00      0.00      0.00    100.00
11:14:59 PM       5      0.00      0.00      0.00      0.00      0.00    100.00
11:14:59 PM       6      0.00      0.00      0.00      0.00      0.00    100.00
11:14:59 PM       7      0.00      0.00      0.00      0.00      0.00    100.00
11:14:59 PM       8      0.00      0.00      0.00      0.00      0.00    100.00
11:14:59 PM       9      0.00      0.00      0.00      0.00      0.00    100.00
11:14:59 PM      10      0.00      0.00      0.00      0.00      0.00    100.00
11:14:59 PM      11      0.00      0.00      0.00      0.00      0.00    100.00
11:14:59 PM      12      0.00      0.00      0.00      0.00      0.00    100.00
11:14:59 PM      13      0.00      0.00      0.00      0.00      0.00    100.00
11:14:59 PM      14      0.00      0.00      0.00      0.00      0.00    100.00
11:14:59 PM      15      1.00      0.00      0.00      0.00      0.00     99.00

Average:        CPU     %user     %nice   %system   %iowait    %steal     %idle
Average:          0     27.44      0.00     14.99      0.00      0.00     57.57
Average:          1     29.15      0.00     14.81      0.00      0.00     56.04
Average:          2     26.37      0.00     13.74      0.00      0.00     59.89
Average:          3     26.54      0.00     14.13      0.00      0.00     59.33
Average:          4     20.83      0.00     12.31      0.00      0.00     66.86
Average:          5      0.19      0.00      0.50      0.00      0.00     99.31
Average:          6      0.41      0.00      0.78      0.00      0.00     98.81
Average:          7      0.00      0.00      0.00      0.00      0.00    100.00
Average:          8      0.00      0.00      0.00      0.00      0.00    100.00
Average:          9     43.53      0.00      4.21      0.00      0.00     52.26
Average:         10     44.73      0.00      4.26      0.00      0.00     51.02
Average:         11     44.97      0.00      4.38      0.00      0.00     50.66
Average:         12     46.99      0.00      4.14      0.00      0.00     48.87
Average:         13     46.83      0.00      4.45      0.00      0.00     48.71
Average:         14     42.50      0.00      4.59      0.00      0.00     52.91
Average:         15      0.28      0.00      0.06      0.00      0.00     99.66
