Linux 4.15.0-33-generic (themistocles) 	05/10/2019 	_x86_64_	(32 CPU)

11:27:45 PM kbmemfree   kbavail kbmemused  %memused kbbuffers  kbcached  kbcommit   %commit  kbactive   kbinact   kbdirty
11:27:47 PM  38620612  59772732  27241820     41.36    506088  20123424  19144084     14.41  17342168   7859192       884
11:27:49 PM  38274504  59426624  27587928     41.89    506088  20123424  19194188     14.44  17689848   7859192      1012
11:27:51 PM  38187664  59339900  27674768     42.02    506088  20123556  19194188     14.44  17777168   7859308      1024
11:27:53 PM  38152940  59305176  27709492     42.07    506088  20123556  19194188     14.44  17810964   7859308      1088
11:27:55 PM  38083448  59235700  27778984     42.18    506088  20123556  19194188     14.44  17881284   7859324       996
11:27:57 PM  38050588  59202840  27811844     42.23    506088  20123556  19194188     14.44  17915840   7859324       996
11:27:59 PM  37974048  59126304  27888384     42.34    506088  20123560  19194188     14.44  17992792   7859328      1068
11:28:01 PM  37898932  59051208  27963500     42.46    506088  20123560  19181160     14.43  18067192   7859348      2252
11:28:03 PM  37831488  58983764  28030944     42.56    506088  20123560  19189256     14.44  18134920   7859348      2296
11:28:05 PM  37763312  58915588  28099120     42.66    506088  20123560  19189256     14.44  18203416   7859348      2336
11:28:07 PM  37700888  58853168  28161544     42.76    506088  20123564  19189256     14.44  18268304   7859352      2388
11:28:09 PM  37620376  58772656  28242056     42.88    506088  20123564  19189256     14.44  18349016   7859352      2440
11:28:11 PM  37547044  58699328  28315388     42.99    506088  20123568  19189256     14.44  18422192   7859356      2460
11:28:13 PM  37459320  58611604  28403112     43.12    506088  20123568  19189256     14.44  18509576   7859356      1736
11:28:15 PM  37390964  58543248  28471468     43.23    506088  20123568  19189256     14.44  18577980   7859356      1736
11:28:17 PM  37330132  58482416  28532300     43.32    506088  20123568  19189256     14.44  18639668   7859356      1812
11:28:19 PM  37263852  58416136  28598580     43.42    506088  20123568  19189256     14.44  18705960   7859356      1908
11:28:21 PM  37198508  58350792  28663924     43.52    506088  20123568  19189256     14.44  18771172   7859356      1584
11:28:23 PM  37132520  58284804  28729912     43.62    506088  20123568  19189256     14.44  18837420   7859356      1636
11:28:25 PM  37067076  58219360  28795356     43.72    506088  20123568  19189256     14.44  18902896   7859356      1904
Average:     37727411  58879667  28135021     42.72    506088  20123549  19188072     14.44  18239989   7859329      1678
