Linux 4.15.0-33-generic (themistocles) 	05/10/2019 	_x86_64_	(32 CPU)

11:29:19 PM kbmemfree   kbavail kbmemused  %memused kbbuffers  kbcached  kbcommit   %commit  kbactive   kbinact   kbdirty
11:29:21 PM  38523116  59675568  27339316     41.51    506088  20123748  19171388     14.43  17437944   7859524      3368
11:29:23 PM  38174876  59327336  27687556     42.04    506088  20123768  19224200     14.47  17787824   7859532      2172
11:29:25 PM  38035444  59187904  27826988     42.25    506088  20123768  19224200     14.47  17926160   7859532      2176
11:29:27 PM  37856512  59008996  28005920     42.52    506088  20123768  19224200     14.47  18106960   7859556      2264
11:29:29 PM  37686380  58838868  28176052     42.78    506088  20123772  19224200     14.47  18275820   7859560      2132
11:29:31 PM  37520096  58672584  28342336     43.03    506088  20123772  19224200     14.47  18443356   7859560      2376
11:29:33 PM  37341364  58493852  28521068     43.30    506088  20123772  19224200     14.47  18622080   7859560      1152
11:29:35 PM  37165912  58318400  28696520     43.57    506088  20123776  19224200     14.47  18798104   7859560      1212
11:29:37 PM  37125816  58278304  28736616     43.63    506088  20123780  19224200     14.47  18837600   7859560      1308
11:29:39 PM  36937300  58089788  28925132     43.92    506088  20123780  19224200     14.47  19024880   7859560      1328
11:29:41 PM  38049380  59201772  27813052     42.23    506088  20123684  15873376     11.94  17915028   7859464      1252
11:29:43 PM  39230488  60382788  26631944     40.44    506088  20123592  12512388      9.42  16737800   7859372      1184
Average:     37803890  58956347  28058542     42.60    506088  20123748  18381246     13.83  18159463   7859528      1827
