Linux 4.15.0-33-generic (themistocles) 	05/10/2019 	_x86_64_	(32 CPU)

11:24:31 PM kbmemfree   kbavail kbmemused  %memused kbbuffers  kbcached  kbcommit   %commit  kbactive   kbinact   kbdirty
11:24:33 PM  41467420  62618760  24395012     37.04    506088  20122636  19041144     14.33  14508500   7858412      2060
11:24:35 PM  40841052  61992392  25021380     37.99    506088  20122636  19154308     14.41  15133516   7858412      2084
11:24:37 PM  40559472  61710804  25302960     38.42    506088  20122636  19189224     14.44  15415104   7858412       860
11:24:39 PM  40522508  61673840  25339924     38.47    506088  20122636  19189224     14.44  15453188   7858412       920
11:24:41 PM  40472568  61623900  25389864     38.55    506088  20122636  19189224     14.44  15504436   7858412       912
11:24:43 PM  40585400  61736732  25277032     38.38    506088  20122636  19189224     14.44  15391492   7858412       960
11:24:45 PM  40486104  61637436  25376328     38.53    506088  20122636  19189224     14.44  15491200   7858412      1036
11:24:47 PM  40344620  61495952  25517812     38.74    506088  20122636  19189224     14.44  15632108   7858412      1028
11:24:49 PM  40220708  61372040  25641724     38.93    506088  20122636  19189224     14.44  15756420   7858412      1084
11:24:51 PM  40030344  61181684  25832088     39.22    506088  20122640  19189224     14.44  15946648   7858420      1096
11:24:53 PM  39920328  61071668  25942104     39.39    506088  20122640  19189224     14.44  16056756   7858420      1140
11:24:55 PM  39738264  60889608  26124168     39.66    506088  20122644  19189224     14.44  16237964   7858424      1228
11:24:57 PM  39539932  60691276  26322500     39.97    506088  20122644  19189224     14.44  16435804   7858424      1272
11:24:59 PM  39312112  60463456  26550320     40.31    506088  20122644  19189224     14.44  16662812   7858424      1328
11:25:01 PM  39058136  60209480  26804296     40.70    506088  20122644  19168384     14.42  16912956   7858424      1816
11:25:03 PM  38832476  59983948  27029956     41.04    506088  20122772  19168384     14.42  17138716   7858544      2336
11:25:05 PM  38586784  59738256  27275648     41.41    506088  20122776  19168384     14.42  17384724   7858544      2380
11:25:07 PM  38403792  59555268  27458640     41.69    506088  20122784  19168384     14.42  17566932   7858548      2248
11:25:09 PM  38352240  59503720  27510192     41.77    506088  20122784  19168384     14.42  17618848   7858552      2300
11:25:11 PM  38236184  59387664  27626248     41.95    506088  20122784  19168384     14.42  17734640   7858552      2300
11:25:13 PM  38169864  59321344  27692568     42.05    506088  20122784  19168384     14.42  17800164   7858552      2400
11:25:15 PM  38124616  59276096  27737816     42.11    506088  20122784  19168384     14.42  17846112   7858552      2432
11:25:17 PM  38072476  59224084  27789956     42.19    506088  20122912  19168384     14.42  17898968   7858680      2432
11:25:19 PM  38024428  59176036  27838004     42.27    506088  20122912  19168384     14.42  17947160   7858680      2508
11:25:21 PM  37973428  59125036  27889004     42.34    506088  20122912  19168384     14.42  17998828   7858680      2572
11:25:23 PM  37862124  59013732  28000308     42.51    506088  20122912  19168384     14.42  18109328   7858680      2572
11:25:25 PM  37750764  58902372  28111668     42.68    506088  20122912  19168384     14.42  18220600   7858680      2632
11:25:27 PM  37706096  58857724  28156336     42.75    506088  20122920  19168384     14.42  18264744   7858700      2720
11:25:29 PM  37661056  58812696  28201376     42.82    506088  20122924  19168384     14.42  18308768   7858712      2880
11:25:31 PM  37610068  58761708  28252364     42.90    506088  20122924  19168384     14.42  18360296   7858712      2920
Average:     39148845  60300290  26713587     40.56    506088  20122746  19172009     14.43  16824591   7858520      1882
